10 14 9 27 
27 14 15 16 18 
20 4 3 17 
14 12 13 
27 14 10 11 3 19 20 
27 20 17 
27 18 8 
27 14 26 
9 14 21 20 17 
10 9 21 4 27 14 
9 19 20 
15 18 13 17 1 
27 6 3 2 
26 6 4 27 
27 14 11 
14 22 26 2 
17 20 18 
10 13 27 
27 16 17 26 
27 6 16 
27 7 17 
16 26 7 9 4 
24 10 27 
16 19 22 13 15 14 17 3 2 4 
11 17 27 
22 5 17 
14 2 27 
27 23 22 
27 16 10 
27 15 16 
5 9 18 27 
1 4 22 16 27 
12 5 16 4 
16 14 15 
27 16 13 
20 13 16 
22 18 16 
11 16 27 26 24 20 17 23 19 14 
27 5 1 16 14 9 8 
27 1 16 17 26 19 
19 13 20 23 26 16 14 12 27 4 1 9 3 
27 16 17 19 18 24 23 21 15 14 9 1 3 8 
27 1 9 14 17 20 19 16 
27 17 20 14 9 16 15 
27 17 20 25 16 10 3 2 9 12 14 
10 27 12 23 19 22 15 17 14 7 8 9 5 25 
27 15 10 7 9 17 2 25 19 4 23 26 21 
25 16 27 
16 21 12 
27 9 3 10 
6 9 14 8 12 3 
27 14 8 15 17 
27 23 1 2 4 6 3 
27 2 18 17 4 
27 4 17 14 18 20 24 25 16 
15 12 17 10 4 
27 21 18 
27 3 12 14 
27 9 18 17 
9 15 24 
27 6 3 9 18 15 14 4 
27 16 13 17 20 19 9 8 6 1 5 3 22 21 
11 2 23 26 21 22 15 10 27 
19 18 16 
15 4 6 
3 15 16 
8 27 19 20 9 21 23 16 10 
27 14 16 15 10 9 6 21 
19 17 27 
1 19 15 
27 4 16 21 
8 24 23 17 21 1 2 
27 4 16 17 
9 19 14 
14 4 2 17 13 18 1 7 9 
16 22 21 
27 16 14 9 10 15 13 25 17 12 22 20 24 21 26 23 2 3 
27 6 14 
9 18 27 
26 16 27 
9 14 16 
27 1 4 
8 26 19 27 
27 13 9 
8 14 12 27 
27 17 11 
15 13 12 17 27 
27 16 9 17 
21 22 17 16 
14 26 27 17 
7 14 16 6 27 
27 25 17 15 13 20 
27 16 20 
27 25 21 24 26 14 11 4 2 
2 3 6 
27 4 21 13 
2 6 9 11 15 
16 13 12 21 14 9 15 
14 9 15 21 22 19 1 
23 13 17 15 2 4 
27 21 13 
23 15 14 22 27 
17 20 16 4 
23 21 14 
3 10 14 
27 14 8 
27 17 26 20 15 14 12 22 19 21 23 25 18 24 4 
4 3 2 6 8 11 17 20 22 26 9 14 16 15 21 
4 6 14 19 24 17 
22 4 10 
8 16 21 
14 10 2 3 9 
2 24 25 1 
20 27 14 
3 25 16 
18 13 12 6 2 3 1 24 14 27 
16 24 18 27 
9 1 27 
27 4 5 1 12 17 13 10 26 21 3 2 
20 16 14 15 13 4 27 
14 7 17 15 12 13 9 
27 6 14 15 26 22 19 10 9 25 21 17 4 3 2 20 
9 14 17 18 23 26 15 25 24 20 19 11 10 3 
3 2 7 10 14 13 15 17 20 
9 27 17 4 
27 19 9 
16 9 17 23 
12 16 25 3 
27 9 11 24 25 21 15 
19 20 18 13 17 
16 12 9 
27 1 5 4 25 23 24 21 20 19 15 18 2 16 9 14 10 
20 21 24 4 3 27 
27 1 2 5 6 3 9 15 17 22 20 18 13 21 23 24 25 7 8 16 
27 21 8 6 2 9 12 17 18 13 22 
13 17 21 
27 16 4 9 14 17 5 2 1 
27 16 13 19 
27 4 5 9 14 10 16 17 26 20 21 23 
27 17 22 24 7 
27 22 13 10 9 17 
27 16 22 10 26 
6 1 4 
27 17 15 12 9 10 7 14 16 24 1 
27 24 26 17 22 12 13 14 2 5 8 
1 9 17 18 15 12 
27 17 20 
27 26 23 20 18 16 25 
25 6 2 1 27 
25 24 23 17 15 12 
27 9 11 
27 4 2 6 9 
17 15 12 10 
27 2 16 
27 4 2 17 
27 18 20 
27 13 10 8 14 16 22 
24 27 19 
27 19 16 5 17 21 20 26 2 
13 20 21 
16 2 14 18 19 
27 4 5 2 1 6 9 14 12 13 17 24 
14 4 13 
27 8 1 22 20 
13 17 12 
27 3 4 
3 27 4 
27 2 15 
27 9 1 21 10 
27 9 14 16 8 11 10 2 5 17 19 4 3 24 21 
17 22 20 19 21 18 13 15 12 14 10 9 8 16 
24 21 25 26 23 20 22 15 14 6 2 27 
9 17 16 13 15 26 7 14 
22 24 17 9 14 16 
27 13 4 22 12 
27 2 3 5 9 10 14 23 21 7 26 
27 10 21 3 16 
14 18 13 25 17 26 6 
27 15 19 
23 12 17 
16 14 15 3 27 
27 4 25 20 19 17 18 13 23 14 9 6 
27 9 21 10 
19 12 16 27 
27 13 25 23 19 15 12 14 9 1 21 6 7 16 
25 19 13 16 27 
20 19 14 1 
20 13 17 8 3 
13 17 3 15 4 21 18 19 
22 15 17 14 18 16 24 3 23 19 20 6 1 27 4 7 26 
27 23 13 9 
21 22 17 13 
10 8 20 13 16 
16 17 13 
27 9 8 7 26 
14 19 7 
27 10 14 
17 15 14 
27 25 16 
27 25 21 24 14 16 4 20 3 
17 13 11 
27 16 21 
15 10 14 12 17 20 21 
10 9 14 
14 9 1 27 23 18 
27 4 9 
27 21 26 17 13 9 6 1 
27 26 17 
9 14 12 
18 10 20 
27 14 24 
14 21 19 18 
16 20 27 
15 10 9 
14 24 18 23 22 10 
27 17 25 26 24 19 13 18 14 9 8 2 3 
16 15 11 8 
26 23 24 13 14 18 27 
27 14 10 9 
27 16 14 13 9 24 17 21 11 18 2 
13 14 21 
16 23 27 25 
27 23 25 26 6 16 
15 24 26 22 
27 9 14 8 
16 9 17 26 
1 2 21 
27 26 16 14 
2 16 21 
20 14 27 
14 17 13 26 19 
27 14 7 9 8 2 6 12 19 10 16 20 25 22 23 21 15 18 17 
14 25 3 
27 17 18 13 19 16 14 
27 4 3 16 14 
14 8 11 27 
4 14 17 6 1 26 16 
27 19 24 21 12 7 
27 25 6 14 
27 19 21 26 4 2 
7 17 14 
23 9 10 15 12 13 27 4 
4 3 16 26 13 22 21 23 27 
27 16 14 17 11 8 12 
27 21 19 12 3 
16 14 17 1 15 
9 15 11 16 14 
10 14 15 17 16 
10 19 11 7 
16 19 27 
1 17 13 25 23 
14 19 27 
16 25 27 
18 12 3 16 27 
16 19 17 
3 4 7 8 11 10 
15 27 14 11 
27 26 19 24 22 18 16 1 14 
27 9 6 3 4 24 21 22 18 13 17 12 14 8 
27 21 22 14 16 5 9 
27 9 3 2 1 21 23 
17 27 5 2 3 13 14 15 
2 1 13 17 19 20 
27 23 17 3 6 13 
27 2 15 25 21 20 18 3 1 4 17 6 14 9 
27 25 23 22 21 20 18 13 17 14 9 6 
21 23 22 11 
4 17 19 22 
27 3 17 
14 19 13 16 
22 4 8 
27 25 19 16 13 18 17 1 
16 15 10 8 11 17 27 
27 23 20 22 17 2 3 1 
9 6 14 7 8 
27 4 3 6 23 21 22 26 17 12 14 16 9 
27 17 25 23 26 
15 4 5 16 
27 25 3 
27 16 4 12 13 17 19 21 24 
14 16 13 
24 14 17 12 13 
27 14 4 2 1 5 23 24 
7 9 14 20 18 
3 2 6 16 
13 6 9 20 
27 22 20 7 8 4 6 14 
27 7 17 12 9 
13 9 25 24 16 
25 13 5 
27 21 19 4 8 2 
13 6 27 
17 24 27 
27 17 22 20 19 18 25 16 
16 14 12 6 27 
14 9 5 6 8 22 20 27 4 23 
27 6 9 7 18 26 
25 27 16 26 23 17 14 8 
27 25 14 
27 21 23 
25 23 17 14 9 6 
27 25 23 
21 18 22 2 4 14 
26 16 5 13 24 
4 16 26 21 13 17 20 19 22 14 
27 21 9 14 13 
10 9 14 12 
27 14 9 10 25 
9 2 25 7 10 
15 19 20 22 4 5 8 
10 7 8 14 17 
27 26 17 23 24 5 4 18 19 
25 21 9 
16 14 20 21 9 27 13 18 
27 4 17 
27 16 5 7 22 19 
4 6 11 14 16 12 20 18 13 
25 10 8 2 
21 17 26 12 
27 15 12 14 2 17 
27 2 5 3 6 9 14 15 18 13 17 26 22 20 23 16 
2 1 6 7 17 13 27 9 
27 23 22 18 13 
27 10 16 
4 5 9 14 16 17 22 20 
4 14 16 22 20 27 21 24 
21 14 16 
20 26 17 
27 22 17 
27 5 6 26 
20 16 5 3 27 26 
7 14 20 
20 21 4 13 1 19 
14 3 27 
16 26 19 
27 22 5 
18 17 5 
17 26 20 
27 16 23 21 26 25 24 11 2 3 
17 6 22 
27 4 14 16 1 
27 16 2 
15 14 17 
12 5 9 22 21 27 
9 27 14 
18 12 27 21 
12 26 19 20 
13 15 16 4 26 25 23 17 19 18 20 27 
27 19 9 
27 17 25 24 21 19 13 14 16 4 2 9 
2 14 21 13 15 12 5 1 4 17 16 
1 11 18 13 
16 17 9 
17 16 3 21 
6 2 10 21 18 13 27 
27 20 4 5 
27 16 4 
27 17 13 18 19 16 21 
27 16 14 20 23 17 
27 16 14 15 12 13 7 10 9 25 22 21 20 6 4 3 2 
18 22 16 
27 3 2 12 
20 22 21 13 18 3 
27 2 1 13 19 20 16 21 9 
4 3 14 
14 26 27 4 
14 20 16 
14 9 15 16 
27 26 21 23 16 
1 15 21 24 
24 22 19 16 20 18 
16 24 26 18 
27 16 18 
27 7 18 26 
23 21 27 15 16 9 
19 9 1 
26 27 11 10 
25 26 17 
15 14 25 
24 1 17 16 
27 5 2 3 18 17 26 13 16 1 4 12 7 8 21 19 
16 9 4 27 
27 17 26 20 11 15 13 
27 6 8 23 21 2 1 3 20 19 22 13 26 24 16 14 
16 14 15 12 13 17 22 5 2 1 27 9 
16 18 20 19 21 27 
19 14 20 
12 21 5 14 13 9 
27 17 13 21 6 15 4 
19 26 4 13 27 
1 15 17 18 26 
27 16 14 4 20 17 18 
1 9 13 21 20 3 
9 27 20 4 
9 13 20 27 21 3 2 
22 17 27 
9 14 20 23 24 27 
27 4 1 2 16 14 12 15 26 
27 4 9 16 26 
27 9 15 12 13 21 19 18 6 4 
27 11 17 21 24 
25 24 20 17 12 14 9 
9 12 15 21 17 
27 16 24 
20 13 10 
9 11 6 26 23 
27 9 17 14 
27 16 1 
5 25 24 18 14 
18 23 26 27 24 
9 14 27 17 
18 8 11 6 
4 2 13 18 24 17 25 
26 9 14 2 
14 9 2 4 17 
20 19 16 4 5 9 
12 13 6 
27 16 20 8 
19 18 13 15 3 20 21 
16 27 21 19 17 
27 23 21 26 2 16 
27 20 19 3 13 
2 14 5 26 
16 15 13 
2 1 21 27 
20 21 24 13 27 
27 16 13 18 22 21 14 
27 21 26 20 18 
27 2 26 17 22 
27 21 24 13 17 26 18 3 4 
16 13 26 17 19 18 
19 25 16 
27 22 13 14 2 16 4 
27 20 21 22 25 4 3 16 24 
27 22 13 18 26 17 16 2 6 1 3 4 5 
27 18 21 13 15 17 
27 21 19 11 13 18 16 14 
27 16 26 17 3 4 13 18 21 
21 18 17 26 15 9 5 
27 20 14 12 8 6 2 1 3 5 4 
16 1 5 4 23 22 17 
27 26 17 15 14 9 
27 1 10 22 
27 1 16 
27 6 23 21 20 19 22 13 9 
23 22 27 14 4 7 8 5 
27 3 11 8 
9 25 17 8 7 27 14 21 
7 14 6 1 
27 15 5 6 9 4 
14 22 18 27 16 25 
14 12 26 
27 25 23 18 19 14 
27 19 1 
27 4 14 
27 4 2 3 1 25 22 
2 9 8 16 13 27 
27 16 9 
21 9 11 
17 5 9 4 
3 5 16 15 11 
27 3 26 23 20 16 
27 14 6 21 
26 20 21 27 
20 26 5 1 9 14 13 27 
6 9 14 22 1 8 11 15 
4 5 13 27 
27 26 21 20 3 5 
26 3 27 
27 20 19 4 
4 1 3 
2 1 11 27 
21 14 19 13 
27 4 2 19 
27 19 20 24 23 13 18 11 4 25 14 16 
27 21 23 19 24 
3 2 4 5 9 14 12 15 18 17 13 1 27 
8 7 9 6 2 1 3 5 14 12 15 17 18 13 26 20 22 21 23 25 24 4 27 
25 16 14 15 12 9 26 20 22 19 8 1 5 3 2 4 23 21 27 
27 17 16 
21 1 4 26 
2 1 8 18 17 19 
26 21 2 
4 3 10 17 27 
27 6 9 
21 14 9 
21 4 15 16 
16 14 21 22 
27 20 21 16 
21 11 9 22 8 15 14 
27 9 14 15 12 13 17 20 21 
27 15 12 14 9 11 1 2 21 20 17 
27 9 6 14 10 7 15 12 13 17 
27 9 10 14 16 17 26 18 19 20 22 13 4 12 21 
9 10 14 
7 3 14 23 
27 22 8 2 
3 9 26 
13 4 26 27 
25 24 17 14 
27 20 17 16 7 3 
14 15 21 20 19 
27 9 25 
27 17 12 13 24 21 
9 15 27 
9 16 17 13 
16 14 13 
27 26 9 
19 18 26 
27 16 14 
27 16 21 20 17 26 18 19 15 2 8 1 
20 22 21 18 9 3 10 15 26 
3 19 14 27 
27 16 8 22 
21 9 25 
5 6 27 17 
27 4 5 9 6 15 13 16 14 17 21 23 25 
23 20 17 14 
27 16 19 11 
10 7 17 15 23 25 22 9 2 14 
27 16 17 14 22 18 19 15 4 24 
22 17 2 5 6 
27 20 18 
27 17 14 7 10 12 13 4 3 2 
14 16 24 25 
27 14 16 9 
19 24 9 14 15 26 23 21 
14 22 26 
16 27 11 
9 17 26 
7 8 23 
6 3 27 
27 9 16 
27 22 18 19 5 4 
25 22 16 
24 25 21 2 1 5 16 27 
1 2 16 15 14 20 22 19 18 24 13 25 21 27 
27 2 25 26 24 21 13 19 
27 26 25 15 9 14 13 16 17 
27 1 6 3 14 16 
12 13 16 27 
27 15 13 26 25 22 24 16 14 
27 25 26 24 20 19 22 9 6 14 12 13 
23 16 5 
27 16 6 1 19 9 
17 5 19 
27 3 6 25 26 20 17 9 
27 16 25 
15 18 17 2 
15 18 7 10 
27 4 2 
16 14 4 7 21 
27 2 4 22 20 18 19 25 23 24 21 17 
27 6 9 26 
17 19 20 
27 20 19 22 
14 17 10 16 
13 10 19 24 22 23 
17 18 22 19 
27 19 9 14 17 13 25 
16 18 19 23 
17 9 1 26 18 
23 21 20 18 19 
20 23 25 
27 16 15 26 19 20 24 8 10 18 25 17 
23 24 21 26 16 1 10 
27 16 17 22 19 20 14 9 2 1 10 26 23 25 
19 20 27 
4 5 10 13 17 24 9 27 
27 17 26 19 24 22 21 25 12 13 14 9 
27 4 13 19 24 
27 25 22 19 
20 10 15 18 27 
22 7 18 
19 2 4 10 24 3 
16 6 1 
19 13 27 
27 4 1 13 19 24 16 
27 24 3 
22 23 3 21 27 
10 17 25 26 18 22 27 
9 11 19 
23 18 27 
17 24 19 25 
2 11 27 18 
27 1 10 14 13 17 22 19 18 4 
22 9 27 16 13 
16 10 15 
27 19 20 22 26 17 18 13 16 14 12 15 9 1 8 11 21 24 
27 4 17 1 
25 22 23 14 24 21 19 17 26 13 12 15 9 7 2 16 3 
25 17 15 9 12 14 16 21 
4 9 2 14 15 12 1 27 8 13 23 24 16 
27 16 14 9 17 24 23 26 25 22 15 
16 9 14 2 
14 16 12 9 1 2 
27 2 16 
13 16 2 
16 14 15 10 
16 1 27 
25 7 3 
27 11 17 16 
2 27 17 20 
23 20 17 19 9 14 16 8 
22 13 17 15 16 14 
20 18 19 17 16 
27 26 18 
27 21 1 
16 14 27 
16 14 9 2 1 11 
21 19 13 9 
26 23 18 2 1 27 21 
27 14 6 16 9 1 3 4 
27 7 1 23 19 22 15 12 20 
1 6 9 17 20 14 
24 20 22 12 
27 21 12 
27 24 21 14 9 4 
16 27 19 22 
23 16 24 27 
27 13 19 20 21 15 5 4 2 1 
19 11 1 4 5 6 3 20 
20 6 27 2 1 
16 10 9 6 2 3 21 
27 20 18 5 6 1 
21 20 27 
4 18 21 
27 19 18 6 
13 22 20 21 9 3 1 25 17 27 
13 11 27 
27 16 24 21 22 26 23 18 13 17 3 
15 27 6 
17 16 14 26 20 19 22 4 
15 27 21 
27 4 16 17 19 22 13 15 25 
27 17 26 24 25 22 16 
27 25 24 18 19 23 21 
27 15 22 21 26 25 20 24 13 18 1 9 16 19 
27 2 6 9 15 13 17 
16 17 14 18 
27 26 17 
27 5 3 2 9 14 13 17 25 24 21 
12 16 17 
27 25 26 23 
27 17 18 26 10 
16 27 25 24 18 13 14 
16 17 20 15 9 3 
11 25 23 6 
26 14 27 
25 21 18 14 6 27 
10 11 19 14 
10 2 14 27 7 
10 27 11 2 
10 14 16 3 
7 1 2 
24 27 21 20 14 4 16 
27 3 14 11 13 23 
18 14 27 
4 9 6 16 
15 14 6 
27 22 19 
27 9 21 
27 3 14 25 24 26 1 2 9 12 17 
27 14 15 9 
6 1 2 5 16 27 22 21 23 24 17 
27 16 14 9 
27 4 5 2 6 14 17 26 22 20 
27 23 14 
4 9 11 14 27 17 15 
15 8 1 
25 16 9 27 
2 8 9 25 
27 14 16 15 2 
27 23 24 22 
27 5 9 14 
27 7 14 
21 25 24 13 8 
27 15 10 2 5 4 
27 24 22 2 
18 2 1 3 13 17 27 
16 7 4 
19 18 9 
1 10 14 9 
16 20 19 7 2 
12 13 21 18 
27 14 17 
20 19 18 22 25 24 21 26 17 15 10 11 7 2 27 
17 10 14 
14 15 17 22 7 9 5 
24 26 19 14 
27 19 18 
14 9 5 
24 21 22 26 15 14 
27 16 9 17 
27 18 13 
27 20 19 21 23 24 25 4 5 1 2 3 16 9 8 11 14 15 12 13 17 
27 17 13 4 
27 22 13 17 14 
27 1 4 9 12 13 20 22 19 21 2 24 
27 24 17 15 12 9 8 3 19 
4 6 1 9 15 13 16 23 26 11 8 
5 4 1 2 7 11 9 14 
8 11 23 25 14 
21 26 13 
11 9 15 1 27 
13 14 9 8 6 21 
27 14 13 22 25 
27 8 3 9 14 15 13 22 21 
14 13 21 2 9 6 
15 9 27 
22 13 21 17 16 9 1 2 4 27 
27 2 23 
27 9 13 
1 8 9 17 13 14 16 
27 22 15 6 
26 21 23 14 15 13 27 
14 4 21 
9 13 27 
21 16 4 1 2 20 27 
4 27 14 13 9 
25 23 20 9 14 
21 26 13 16 
16 14 11 8 10 9 17 
27 14 17 
27 7 6 4 
27 14 16 
26 23 15 3 2 27 4 16 
27 2 1 9 
2 17 3 27 20 19 21 
27 25 23 24 21 20 22 26 15 
20 10 15 25 26 24 22 23 9 19 
27 10 4 23 22 6 17 
9 13 19 
27 9 8 17 14 4 2 12 
26 21 19 25 18 24 20 23 27 
27 16 21 13 
25 24 20 2 
12 7 4 
4 24 14 16 
17 22 14 16 3 
20 19 13 3 5 
25 17 19 27 14 
27 17 26 24 4 16 
27 16 20 17 
27 21 20 1 
27 9 6 17 14 
10 7 6 4 19 
23 14 7 
27 17 3 9 10 15 
27 14 12 
3 11 27 
16 9 27 
3 2 9 
27 16 26 
13 1 16 27 
27 16 14 13 21 24 
16 27 2 9 14 
15 1 20 27 14 3 2 9 4 
27 14 9 11 6 2 4 17 12 8 5 3 
23 9 17 21 26 
24 18 3 21 13 22 27 
27 9 13 14 6 1 21 25 
26 22 17 27 
27 25 15 3 6 11 8 21 23 
13 8 14 
17 27 9 
7 26 27 
7 6 16 15 14 
24 17 22 27 5 
27 17 14 21 20 13 9 
27 23 22 6 14 16 
27 5 17 
25 6 27 
18 19 13 27 
27 25 26 23 21 24 10 7 8 1 
16 2 1 3 
27 14 18 16 
27 17 15 
17 13 19 16 
20 21 19 
3 17 25 19 20 
27 22 21 25 
25 17 13 
14 9 16 
9 20 4 
27 16 4 3 2 9 14 13 19 21 17 22 
27 12 15 9 2 4 5 
9 6 3 4 2 5 
14 9 15 22 20 21 25 
25 26 24 21 20 22 18 13 17 15 
26 16 27 
20 23 13 16 6 
4 10 9 15 8 
1 3 6 9 20 27 14 12 
27 9 14 15 12 13 7 8 2 25 21 24 23 
27 21 23 17 13 
2 3 12 
27 16 14 15 9 6 11 8 24 21 
27 23 17 16 9 8 6 3 1 2 
21 19 16 
24 22 21 25 20 13 12 3 16 9 
16 21 9 
27 16 17 3 8 13 
9 3 17 
20 19 27 13 14 25 
22 23 25 
14 16 19 
16 15 12 8 27 21 4 5 1 
27 14 16 17 
12 10 14 13 
21 24 14 18 16 27 4 
6 9 14 24 21 
27 18 5 6 16 
27 15 12 13 18 19 21 
23 19 12 14 16 20 
14 16 27 17 
27 17 16 
27 21 2 18 
27 16 6 9 
27 12 14 13 23 25 
15 20 2 
21 23 4 27 
16 8 26 14 
27 12 26 22 20 17 1 14 
27 17 19 3 4 
14 15 12 20 27 
27 20 21 9 16 
16 27 24 14 
17 14 8 11 
27 9 21 
15 17 14 
9 18 20 22 4 
27 19 9 
14 18 16 
27 8 11 3 17 18 13 14 
4 13 19 16 
27 3 25 
18 19 17 25 16 
27 16 5 22 14 
27 16 17 26 22 13 18 15 9 19 2 5 6 1 4 14 
23 25 14 5 15 20 27 
27 16 14 6 2 4 1 5 7 9 25 21 20 13 12 15 24 23 18 22 19 
27 21 26 3 6 4 
27 1 5 
27 1 15 5 4 17 18 21 
27 1 13 20 21 26 25 5 10 
27 17 18 19 22 9 
27 16 5 
20 21 2 1 3 
1 25 27 14 3 17 20 
27 16 9 12 20 1 17 
2 1 20 
22 17 4 27 
27 16 17 19 8 2 3 9 26 
27 17 16 9 13 
27 17 26 15 14 2 
6 18 9 
13 27 22 19 1 
16 13 27 
27 16 14 13 22 4 1 5 
16 21 2 17 22 
24 21 19 12 15 14 2 16 22 20 27 
3 24 13 14 12 9 1 16 22 
3 13 21 22 12 2 1 
3 20 21 23 24 26 1 15 9 12 19 
27 16 13 
27 12 10 
27 14 16 20 18 
27 21 20 16 19 
10 2 4 
3 14 20 
27 10 16 17 
27 8 9 18 20 26 16 22 19 1 23 
27 17 16 14 15 9 22 20 
16 2 1 9 11 8 26 25 17 20 22 14 
27 14 9 6 11 20 22 26 25 
9 17 16 14 2 1 22 26 20 18 19 
19 9 1 22 20 25 
16 6 2 13 18 
10 20 8 
13 12 14 2 26 
2 1 13 3 19 
6 13 17 
4 2 6 10 13 21 25 26 
27 14 26 8 11 1 4 21 
12 14 17 
27 8 9 12 11 
27 4 14 17 23 
27 26 9 12 
2 16 1 
27 9 19 22 26 13 25 14 8 6 
16 25 14 10 
16 12 11 
27 16 18 
27 23 26 15 
18 13 16 25 27 
16 2 3 4 1 19 22 18 21 23 24 17 25 27 
27 12 25 4 5 2 6 9 15 18 13 26 24 16 
27 16 17 22 19 18 9 2 3 4 5 
22 13 18 19 
27 10 9 17 18 19 22 23 16 4 3 2 6 1 14 
16 22 18 13 19 27 
27 17 5 4 
11 3 4 
1 2 16 23 
20 27 16 
2 27 14 20 23 11 15 
27 3 17 8 11 14 18 25 4 9 
18 19 15 12 9 7 14 27 
14 8 17 
27 2 6 11 
27 24 26 
16 4 1 
15 19 18 
16 11 13 
27 14 26 
4 6 14 17 26 22 20 21 
25 20 13 19 27 
27 14 6 9 
27 19 20 22 17 4 2 1 8 7 14 10 11 12 25 23 21 5 9 16 
16 14 13 18 22 19 17 25 27 1 
6 9 7 20 
27 9 17 14 
27 14 2 4 
1 9 14 
27 13 12 17 19 1 8 16 
27 23 24 1 2 
27 16 14 12 9 
27 14 13 17 15 19 11 16 3 
27 16 14 13 17 20 26 
4 16 21 
27 14 6 9 2 3 25 8 11 
27 6 1 20 15 16 14 10 9 
14 20 4 
27 16 14 22 26 17 13 4 2 
20 22 26 17 
9 14 17 
16 3 4 
1 16 17 20 18 
23 25 27 16 
16 21 19 18 17 
13 17 26 
16 14 22 17 26 
18 19 16 
3 20 15 27 
27 8 16 14 
16 17 27 
1 27 16 
27 2 23 26 17 14 16 
27 17 12 2 1 4 
27 9 10 6 20 17 
27 10 4 
25 19 20 21 16 
16 14 8 20 
3 17 19 
18 13 16 14 
27 24 19 
4 17 13 
16 14 9 5 27 
5 2 1 6 9 14 17 18 23 21 26 7 8 27 
2 9 14 23 27 
15 9 6 5 2 1 7 
11 2 1 
27 18 26 2 1 4 
27 2 9 6 14 18 17 25 24 
27 2 3 1 5 
27 2 1 3 5 7 9 25 24 21 
27 22 18 26 17 24 
27 3 2 17 26 25 23 24 1 5 
27 5 2 6 9 14 17 18 25 24 
27 7 2 3 16 
17 21 27 
27 25 26 17 14 
27 17 2 5 16 6 9 14 18 24 21 22 26 
27 17 6 22 25 9 
27 4 1 2 3 17 18 26 14 7 8 11 6 24 
27 4 1 2 6 9 14 17 18 26 23 22 25 24 7 
27 24 21 26 18 17 14 
27 25 23 26 3 2 
7 2 20 22 8 18 27 
27 5 17 26 18 2 
27 17 18 14 
17 18 5 26 27 
24 18 16 27 17 
21 18 14 16 17 
27 17 18 
9 17 22 27 
27 14 9 
21 1 14 
27 25 26 21 15 18 9 
4 26 23 
27 9 14 22 
15 14 9 7 8 11 6 5 
26 17 9 2 1 3 4 27 
27 22 16 
3 2 13 
24 22 17 1 27 
8 20 22 19 23 26 25 
14 16 9 
27 17 20 
16 18 20 1 3 4 5 
7 8 24 19 
20 18 19 21 17 26 3 6 
27 14 4 
20 22 15 16 14 5 4 
16 17 18 
27 16 13 19 22 17 1 2 23 21 
27 13 18 19 20 23 26 15 4 
27 16 18 19 22 15 14 
27 17 13 18 19 
27 17 13 18 16 
27 26 13 2 1 
27 9 20 26 18 13 4 3 2 1 14 
27 1 12 13 19 
27 19 20 24 23 3 
5 1 16 
27 19 20 26 4 16 13 17 
18 13 17 
6 7 8 15 9 
4 15 27 
16 15 6 
14 16 13 
14 13 27 
3 27 14 
24 2 6 
27 4 5 1 
27 11 15 
27 1 16 13 22 21 2 6 3 9 12 
25 14 16 6 1 20 
20 13 16 14 
2 4 6 1 3 17 14 15 18 26 16 9 
22 13 4 
27 16 4 1 9 14 15 13 17 20 21 25 
27 16 17 15 
27 17 18 24 25 15 16 9 
27 15 12 17 13 1 23 26 20 
1 8 4 14 20 2 9 
17 27 6 
27 4 6 7 8 11 14 12 16 18 13 15 1 
27 25 23 24 21 12 17 15 14 
27 16 14 12 9 15 18 13 17 26 20 21 24 4 3 
27 16 14 15 12 9 10 17 13 26 22 21 4 2 3 6 1 5 7 11 8 
27 4 1 9 14 15 17 26 22 19 13 20 16 7 3 
17 9 11 
27 22 21 
27 8 14 12 18 
27 11 1 14 9 22 18 17 16 
18 26 22 21 16 4 
27 8 22 13 4 2 6 
27 13 12 19 20 21 25 24 16 14 
27 11 9 
27 4 2 3 5 14 15 19 17 
27 22 6 
18 22 17 23 
16 18 19 
14 26 22 3 2 
1 19 27 17 
17 9 27 
27 25 20 14 4 
9 15 8 11 4 27 3 6 22 18 20 
27 24 23 17 16 14 15 22 21 9 
14 15 19 22 23 25 20 18 9 10 2 4 3 6 16 
27 4 6 7 14 
27 14 9 
2 4 17 
22 5 1 27 
27 16 21 
13 27 4 17 
16 8 22 
16 13 21 
26 20 3 18 24 16 
20 19 24 
27 16 15 9 20 21 
14 9 10 
15 10 14 
15 9 4 
2 7 8 19 
19 23 4 1 6 14 
27 9 8 14 22 
27 23 24 9 6 4 
27 16 7 
27 21 23 18 20 17 13 16 
4 5 18 
27 24 20 15 14 6 5 
20 22 17 13 18 12 
27 22 24 21 
27 21 22 1 
27 25 23 21 20 18 19 17 
27 9 16 2 3 
27 24 25 23 22 8 13 21 
7 11 9 3 4 19 20 16 
27 10 14 
21 13 12 11 4 27 19 17 
22 21 25 12 16 
27 4 9 6 14 26 24 
2 4 6 1 
27 19 4 
27 16 10 13 11 2 
26 12 2 
27 9 20 4 
17 19 13 15 25 
5 2 14 12 27 
4 13 17 23 21 26 25 27 
27 19 21 
20 22 27 
13 16 3 
21 20 26 
22 17 9 4 27 19 
20 19 18 
26 21 27 
8 17 9 
9 18 17 6 7 8 
14 6 2 1 25 
27 4 6 
27 17 7 8 11 
17 16 15 
1 16 27 13 
13 16 22 
3 9 18 
4 16 17 
27 4 9 
27 16 8 10 13 2 1 22 
7 14 9 25 17 20 
16 15 12 
27 5 2 
16 14 10 12 
5 6 2 12 13 25 23 26 11 17 20 22 
27 4 5 6 2 1 9 20 19 22 15 12 25 
26 25 15 14 
22 13 10 
16 10 9 
27 9 20 15 26 25 14 
27 17 26 18 22 24 21 14 7 8 2 1 
26 17 27 
27 16 13 
16 12 20 22 
27 8 20 
27 4 3 17 21 1 2 
13 2 4 
4 6 2 1 7 15 12 20 27 
27 4 3 
14 16 15 
14 12 16 17 
27 22 26 25 19 
27 22 26 23 17 18 13 15 14 9 6 
24 13 6 17 21 8 19 16 14 
27 16 13 26 
6 18 2 
12 2 18 
15 12 13 
10 24 3 
23 21 14 
21 22 15 
4 20 14 
4 26 17 27 
18 13 27 
13 1 21 20 
21 17 23 13 
23 21 20 18 16 14 4 
9 16 2 5 4 27 
21 18 4 
26 16 10 12 14 
12 13 14 10 27 
22 9 14 
17 14 12 16 
20 21 23 15 4 
17 12 13 15 9 27 
13 3 5 
27 17 26 
25 26 17 
23 22 24 14 9 3 2 4 
18 24 14 2 9 
14 6 16 
27 11 10 3 
14 19 15 3 2 9 20 25 26 17 
9 11 15 
14 6 18 27 
14 16 22 
27 10 25 9 
9 10 20 
3 6 9 10 7 8 4 27 17 20 23 22 
22 26 17 18 4 16 12 15 13 23 
27 9 10 14 24 
21 19 27 
17 2 4 
27 11 8 
7 17 23 24 18 19 26 
15 17 27 
9 7 8 15 14 
26 21 20 18 15 11 10 
27 22 21 
27 17 13 14 5 2 4 6 
27 21 22 18 17 14 16 4 5 
7 15 12 10 17 16 
27 4 3 
14 12 17 
27 16 14 1 17 
19 1 9 14 16 17 27 
2 3 1 9 14 4 27 
27 14 9 11 
26 22 7 16 27 
20 19 9 10 
18 22 23 21 14 
27 4 2 
27 18 26 20 2 9 17 24 21 22 3 25 19 4 
27 25 26 17 24 9 6 1 3 4 16 22 20 18 
16 27 26 25 18 22 19 14 10 9 
27 4 2 1 24 19 13 12 18 3 17 
3 13 22 19 18 17 14 16 
14 16 26 21 19 23 13 24 27 
18 17 15 14 
25 19 17 16 24 
27 14 17 22 21 18 1 7 3 
27 14 12 10 8 11 
27 16 4 
27 20 19 21 24 22 13 18 16 12 17 
16 12 13 22 26 20 21 
16 17 18 20 26 22 24 13 12 14 8 2 
27 21 19 26 15 
20 2 11 15 21 1 
14 9 27 
14 15 17 18 2 1 27 
19 14 12 22 
27 16 13 
27 3 12 9 20 26 25 2 14 
27 12 15 8 17 13 14 
4 26 14 
27 22 21 
12 14 3 
27 13 16 5 4 
12 13 18 22 21 24 
25 21 18 19 
17 20 21 19 15 
13 14 15 18 
27 24 23 13 12 9 
4 13 26 15 
19 26 15 2 
17 26 13 
16 17 24 26 
27 20 22 13 
9 21 3 
22 17 16 10 14 
20 27 4 
1 27 10 9 8 
3 14 16 13 
25 18 2 1 4 9 
15 18 16 3 
16 14 10 7 8 
27 17 10 16 
16 4 3 
17 15 27 
27 14 20 
1 10 16 27 
27 17 19 
1 3 9 2 5 7 14 19 16 17 
27 15 10 14 9 
23 26 12 17 
16 9 14 
20 17 18 27 12 
6 7 27 3 16 
13 17 26 18 24 16 20 21 14 1 19 27 
14 16 27 
27 21 1 14 
16 17 27 
14 9 20 
4 14 12 21 
27 17 21 18 13 12 14 16 
27 4 25 
1 16 14 
27 3 2 1 7 6 
1 13 18 19 
4 3 7 13 
4 18 15 2 17 26 22 1 
11 14 9 2 
27 25 2 
27 14 15 12 13 9 
25 23 22 15 13 
17 18 8 4 
9 14 15 16 21 23 22 24 
27 16 12 
16 27 22 
27 9 16 
23 26 25 
17 16 14 10 5 1 4 21 13 27 
27 23 17 4 2 5 6 20 
22 3 19 26 27 
25 17 22 
16 2 3 1 
27 18 21 25 
16 17 19 15 26 20 1 
27 13 3 4 9 5 6 
4 21 27 
5 4 3 6 1 17 13 15 12 16 22 21 20 24 27 
27 17 3 2 5 23 26 20 19 
27 2 13 21 4 5 16 14 1 26 23 
27 16 4 23 21 20 22 19 18 26 17 13 25 2 3 12 
27 16 14 15 12 13 
22 8 27 
27 22 21 17 12 9 2 5 4 
15 18 27 4 
27 20 4 
27 22 18 13 19 20 4 
20 16 11 12 
21 19 17 25 
22 15 14 16 
19 17 27 
18 17 8 
27 5 2 6 7 9 14 18 26 
1 2 14 23 26 
27 26 17 16 
16 9 3 11 20 19 
27 11 3 
16 15 18 22 21 9 14 27 
27 4 17 20 9 26 
27 1 3 19 17 11 8 5 25 16 24 
27 1 13 26 
9 4 14 16 
27 14 3 16 
21 19 13 16 
27 17 20 25 2 5 
25 27 21 16 
15 14 27 
27 22 10 19 20 9 11 6 7 8 
17 16 2 3 21 9 22 25 
17 14 10 12 15 25 
27 26 9 
17 6 21 27 14 
16 8 17 27 
16 22 14 
16 14 10 
27 3 16 17 14 10 
1 18 17 9 20 
4 14 20 27 
9 14 2 
27 26 16 
23 16 3 
19 26 10 
22 16 27 17 
16 14 12 9 5 27 20 26 13 18 19 17 
16 7 27 
27 21 20 12 9 6 10 8 5 2 4 
27 26 21 19 2 10 9 24 20 6 
27 17 15 4 2 5 21 22 26 
26 25 17 19 
9 7 20 18 3 25 
2 8 14 
6 14 9 10 
27 16 6 9 14 15 12 13 18 17 19 20 26 21 24 25 22 4 2 5 3 
5 6 14 19 21 16 
16 14 25 
13 20 19 27 
16 5 4 17 20 
27 13 20 16 
16 4 21 20 17 
16 17 20 14 22 
27 16 17 15 21 4 14 
17 15 19 
19 3 27 
16 12 6 2 
27 9 26 
10 9 2 20 15 
27 16 17 
6 17 18 
16 6 27 
11 16 17 
27 4 14 
21 17 26 
19 8 27 
16 17 27 11 26 
27 8 19 2 9 14 1 11 
27 17 14 15 22 
3 14 8 10 27 
14 27 20 17 13 12 
16 14 15 9 6 2 
10 14 15 27 8 19 16 
27 14 1 2 3 4 
27 20 19 26 13 17 22 18 21 23 16 9 14 7 10 8 1 2 6 15 12 
27 20 19 14 10 
27 21 14 16 10 26 20 22 3 4 
6 7 14 15 10 9 12 
13 9 4 
9 10 14 11 12 27 24 13 16 
13 17 22 20 19 18 
27 6 8 
27 9 16 14 2 4 
27 1 3 
17 18 10 
6 10 9 
8 19 10 27 
17 25 15 20 2 9 6 26 16 11 12 14 10 
27 2 19 
27 3 2 9 
24 16 22 
13 15 7 21 
19 12 15 14 9 6 
1 4 16 21 27 
19 6 11 27 
9 1 3 27 
15 14 17 
14 8 2 
18 20 14 16 15 26 23 27 
27 18 17 
27 25 23 24 22 14 9 8 11 12 16 
27 3 8 14 17 11 9 4 16 
15 9 10 3 1 
25 21 23 24 20 18 19 16 17 14 9 10 
20 19 22 
15 12 14 27 1 
21 4 27 
25 10 13 2 20 27 
27 14 6 9 7 2 5 16 
27 21 22 23 20 26 17 
27 16 17 26 14 13 7 3 
27 14 13 21 20 9 3 
2 18 23 1 27 
25 21 18 13 12 3 4 
21 18 7 9 1 
25 26 16 
10 7 27 
27 14 25 
27 26 20 13 
5 15 27 
3 16 14 10 24 
14 19 22 21 16 1 
5 4 6 21 27 
25 16 14 9 8 6 27 21 5 22 
3 17 21 19 
22 16 9 
27 16 22 25 12 14 9 3 6 17 
14 9 10 13 22 1 15 
27 2 26 21 
15 12 13 14 
27 9 4 19 26 22 15 
1 9 16 20 
14 17 20 
4 12 14 16 27 
27 25 21 5 1 
27 23 16 13 18 17 12 4 9 
27 13 21 16 
16 10 21 13 27 
14 16 22 
8 26 17 15 
27 15 13 12 17 
26 17 13 12 10 2 
27 21 23 6 2 17 
27 14 16 17 
25 24 23 27 
16 14 27 
27 17 15 9 12 
2 6 27 
27 21 20 24 6 1 3 14 12 17 23 
27 9 14 16 17 
27 25 24 22 11 8 4 
27 11 8 14 17 13 18 25 26 22 21 2 4 
27 20 26 
27 3 5 22 21 25 24 18 19 
27 2 10 20 24 
5 3 13 18 26 
27 10 14 
16 11 24 
27 21 17 9 7 6 
10 14 15 12 13 16 3 4 17 
5 14 6 24 17 
27 14 10 15 13 12 19 8 22 9 7 
3 10 23 21 20 2 6 1 18 
14 3 1 
17 13 25 14 1 
3 5 21 27 16 
16 25 4 2 17 9 7 
24 20 22 18 27 
17 13 9 22 
27 20 19 21 14 16 
26 17 25 
23 25 27 
27 13 18 12 24 17 3 2 
16 10 4 17 
27 4 26 
27 16 20 24 19 
19 3 1 14 
2 9 24 21 10 6 
27 6 24 
17 16 20 
17 13 18 19 27 
17 19 27 
13 17 21 4 5 9 
27 17 14 15 26 16 
14 5 1 16 
16 8 9 2 1 27 20 5 12 
16 3 4 
9 19 20 14 27 6 17 
4 16 17 20 19 22 
16 4 23 27 
27 3 10 
13 14 9 
26 23 22 14 17 16 1 11 3 4 
10 14 9 
17 14 27 
13 8 27 
16 9 8 11 22 
11 8 14 12 21 
9 17 20 22 14 
9 15 20 19 26 23 13 27 24 25 22 17 14 7 8 11 
3 20 17 19 
27 14 20 3 
25 21 14 9 2 16 27 
27 20 19 3 
12 15 23 
1 9 15 12 13 21 23 26 25 4 5 22 2 3 27 
27 14 16 13 20 
9 7 10 12 19 23 17 14 
9 6 14 22 27 10 
16 4 1 
16 17 26 
11 8 14 21 24 
27 14 12 
16 6 27 
14 10 9 
27 16 8 
14 9 27 
9 16 6 
23 17 25 26 22 14 16 
11 2 14 20 24 
27 20 21 24 23 16 4 
27 20 16 14 26 22 5 
5 2 26 14 19 21 
17 14 22 
17 23 13 18 
27 13 1 2 
27 18 19 22 17 4 
27 17 14 2 
3 13 20 14 
27 14 9 10 2 5 26 20 19 22 13 17 15 12 25 21 
27 12 14 
16 3 13 19 
27 3 2 
19 18 21 9 11 
27 9 6 
27 4 25 
9 2 1 
14 9 5 4 
4 24 6 27 
21 13 15 27 4 
17 16 14 
14 21 7 27 3 13 2 5 4 
19 4 1 3 
16 20 19 27 
27 2 5 4 
4 6 14 15 
6 8 5 20 21 
13 19 20 2 6 3 9 12 5 1 21 4 27 
13 12 15 
16 12 1 2 9 6 17 11 8 4 3 27 
9 14 13 16 1 3 
15 12 9 22 2 3 
21 20 14 25 26 17 15 
26 24 21 19 18 15 22 23 3 2 6 1 14 11 27 
26 4 20 
27 4 1 2 13 21 23 
27 16 14 10 11 25 21 19 20 3 2 7 
27 1 10 20 
14 20 19 24 1 9 
17 13 14 10 11 
27 4 6 9 14 
25 13 18 19 14 16 
27 9 6 7 15 21 23 
16 9 3 
27 22 23 16 6 14 15 13 2 4 1 
1 13 19 21 20 14 
27 19 17 9 
20 26 25 9 12 
27 16 12 9 20 19 21 22 24 4 1 14 17 18 8 
25 21 26 17 9 14 16 
17 13 18 22 20 15 
27 1 14 15 
9 14 12 13 17 21 
14 16 10 9 15 24 21 23 3 
14 16 27 17 1 3 10 9 13 23 
21 24 16 14 9 
13 27 21 
23 8 7 
11 8 7 9 
6 14 9 10 11 7 25 
22 20 19 
27 15 12 13 17 
15 13 7 8 19 
27 25 26 21 22 20 
21 23 17 10 
14 15 6 5 4 20 26 13 
14 9 7 
16 21 26 17 14 27 
10 9 2 20 17 14 26 27 
16 25 26 14 
27 17 4 
26 27 17 
27 14 6 9 10 24 25 21 5 19 8 
27 10 13 
27 1 13 19 18 9 4 
27 21 2 4 14 20 11 
27 12 14 
27 16 14 12 11 23 
27 6 19 26 11 8 10 14 
27 5 6 7 8 19 17 2 9 23 25 10 14 16 
14 20 10 16 
16 15 22 
9 12 10 13 16 2 
13 17 16 27 
27 13 17 21 15 14 10 7 4 
27 16 6 9 17 22 
20 21 9 3 
27 22 17 21 
27 24 21 20 26 10 14 
27 25 26 21 20 19 17 16 9 11 8 14 15 10 12 6 
27 22 18 
22 11 9 
16 17 4 27 
16 18 20 27 
27 16 24 8 
27 4 3 5 1 6 9 15 13 22 16 
14 16 7 8 
27 24 21 6 2 5 14 11 18 15 3 9 17 13 
21 19 8 27 13 
17 1 4 
10 14 15 19 
3 9 15 
27 6 20 21 18 14 5 
27 20 17 19 18 23 26 14 
2 6 21 23 14 27 
27 21 5 
6 20 19 18 23 26 14 13 11 17 27 
9 27 24 18 20 14 
27 16 14 10 15 26 
27 19 4 26 25 
27 17 13 12 4 2 16 
16 14 6 
14 16 23 
1 9 16 12 4 17 22 21 
27 3 2 11 8 17 22 14 9 16 25 
27 9 4 
27 25 15 14 7 8 
13 17 16 
27 13 15 20 16 
16 14 10 15 20 
15 10 8 7 2 4 
19 18 6 1 
4 17 14 9 22 23 
27 17 26 22 20 23 24 18 13 1 2 6 10 
2 10 14 
23 9 4 5 
6 20 27 
27 18 16 21 24 17 19 12 10 3 1 4 
4 17 13 20 
14 9 7 
27 10 15 12 14 
10 17 22 2 14 
2 4 26 
21 13 16 
7 6 17 13 
15 17 9 14 12 
26 22 1 11 24 
5 11 16 26 20 1 27 22 15 13 
14 16 10 12 27 9 
27 26 11 7 8 10 15 14 
15 9 26 5 3 2 
24 10 3 27 
14 20 26 
11 27 14 
16 27 14 
27 3 4 18 20 14 
27 20 22 
26 18 14 16 
14 25 24 16 17 
2 3 16 19 
27 14 5 
16 21 27 
14 19 22 
27 16 14 21 
27 20 22 23 25 17 18 19 
27 9 8 
27 13 16 3 
27 4 25 24 23 7 8 11 12 18 
27 6 14 20 16 
27 4 17 18 
10 14 18 
9 26 20 3 
27 22 20 
12 6 2 14 3 24 8 16 
26 2 9 22 27 
27 7 16 15 
25 23 20 
27 17 7 8 11 14 23 
16 7 9 14 17 
9 6 14 
9 6 15 
27 24 21 19 20 13 7 11 4 16 3 
27 19 18 22 17 
27 24 17 16 9 4 
27 16 14 23 24 21 13 22 9 17 12 
27 14 17 
27 9 2 
7 6 18 13 16 23 24 20 27 
9 15 21 
27 16 1 18 12 9 7 
16 21 4 27 
27 22 18 
17 14 10 13 
27 13 18 11 22 14 
13 27 14 
19 14 24 17 
27 20 12 5 
27 7 15 13 17 
16 27 2 
27 6 2 9 7 11 8 10 14 17 20 23 
2 17 8 16 27 
27 9 7 8 11 10 14 16 4 2 5 
14 16 22 
8 6 3 4 
15 17 16 1 3 
21 17 13 19 25 10 9 16 3 
2 7 19 
14 12 20 
27 17 16 19 21 23 
27 17 4 8 7 16 18 22 20 
13 12 22 
7 8 21 
23 20 14 9 
3 2 6 11 20 
14 7 2 22 17 
10 9 3 2 
5 9 16 6 
27 25 23 24 20 19 22 17 13 18 15 12 10 2 4 
27 21 14 9 
21 20 15 
22 17 13 
8 19 4 26 
27 15 21 4 
12 4 26 14 16 
12 16 10 14 
2 4 9 24 13 7 8 11 
7 14 17 24 25 26 3 
25 19 17 
21 23 22 16 13 
27 14 16 22 12 
9 17 4 
1 3 14 27 20 9 13 18 7 4 24 16 12 2 
20 26 21 8 11 16 18 13 14 
13 17 21 24 
3 14 26 22 
27 4 25 21 20 17 13 15 14 
5 9 26 
6 9 14 17 18 22 3 
27 17 26 20 19 25 2 3 9 14 
27 4 1 2 3 9 14 
16 2 3 
14 16 9 
9 26 19 
18 16 14 
10 14 16 27 
9 19 13 
27 5 4 3 2 1 
27 9 11 10 14 15 16 12 13 18 17 26 22 20 19 21 24 23 25 4 5 6 2 1 3 
17 20 26 27 
19 21 27 
21 25 22 20 16 
27 24 1 9 26 
4 14 16 26 
27 9 19 21 22 13 14 15 1 16 
15 13 21 27 
14 13 26 27 16 21 2 
13 18 10 16 4 27 
1 25 22 
27 14 16 7 9 12 
27 24 22 18 15 8 
27 16 14 12 10 15 17 
4 6 2 10 9 23 18 27 
27 17 15 14 25 24 21 26 
19 18 14 16 2 
21 26 7 27 
27 10 14 9 
10 14 13 
27 17 9 10 
18 9 23 21 10 14 
16 21 24 19 17 13 
27 16 19 
16 10 9 14 
14 10 15 17 21 
12 10 14 6 4 
9 14 13 27 
19 10 14 
13 16 9 
27 10 4 
27 17 16 
27 4 6 2 17 13 18 19 25 
27 13 24 9 
14 15 9 
27 24 2 6 9 11 1 4 20 
27 17 14 9 16 
6 23 22 24 21 25 18 20 26 
27 5 2 7 6 9 14 18 
7 22 16 
27 3 8 
27 20 16 
21 11 10 13 18 
1 6 11 14 8 
27 16 9 14 10 17 22 
27 25 21 20 22 13 17 15 12 16 14 9 4 
27 16 14 15 12 13 17 26 22 20 19 7 8 11 1 2 3 5 4 23 24 21 25 
15 13 10 
27 16 14 10 11 9 15 13 17 26 4 
26 12 27 
27 17 20 18 23 14 
18 14 16 
16 26 23 21 
27 17 6 
9 16 6 17 
19 17 20 
27 17 13 21 14 16 12 
27 25 22 16 1 
27 16 17 14 25 
27 25 22 17 14 1 16 
27 16 15 13 18 12 2 4 17 22 26 10 
14 16 27 
27 20 26 25 18 19 17 
25 24 20 19 14 1 4 
21 17 13 16 5 6 1 3 27 
20 21 19 
17 13 20 21 
27 4 1 2 16 17 21 25 
27 8 14 16 17 18 13 9 23 25 
27 24 13 3 
27 14 13 16 21 17 18 
27 4 2 3 6 7 9 
6 14 12 
6 9 4 15 
8 7 15 13 27 
27 2 26 18 13 16 9 25 
27 24 1 2 
19 16 27 
17 13 18 19 
27 6 1 
27 17 18 19 13 15 14 9 6 5 2 3 
27 17 13 18 15 
27 1 2 26 17 18 22 19 13 12 15 
14 26 23 
27 18 17 26 25 
14 25 21 27 
2 27 4 13 24 15 1 22 16 
19 16 11 
16 17 27 
12 7 15 
27 14 4 
16 3 2 1 4 
10 17 26 9 
17 15 12 
8 1 27 
16 9 18 19 
14 6 7 27 
10 9 25 21 
27 14 15 
16 4 2 9 14 15 17 
2 21 16 
14 10 8 13 16 
1 27 16 20 4 14 
16 14 24 
16 17 14 11 10 8 3 1 2 20 19 23 
14 27 1 
20 14 16 27 5 
18 14 8 5 
27 2 17 14 
27 18 6 1 2 
6 16 9 
27 25 22 26 17 15 14 10 9 4 16 
16 18 19 7 27 
15 14 17 
14 20 4 
8 14 16 
6 2 16 
25 24 23 21 20 18 15 9 5 3 
16 21 4 
27 2 4 
9 16 27 
18 25 16 
27 22 16 
27 23 25 17 
27 9 15 12 2 3 1 6 5 4 17 25 21 13 24 19 20 18 
27 10 8 7 12 13 15 17 26 19 20 21 23 4 22 14 16 
27 17 21 20 22 24 9 
10 7 9 
6 17 16 
27 25 6 20 17 18 5 
27 4 1 6 9 19 
27 23 21 20 26 18 15 9 6 4 
19 26 17 
20 23 14 15 27 
2 6 9 
9 8 22 
14 19 10 
3 14 8 
10 6 27 
22 16 27 4 
14 19 20 9 
15 9 20 
27 22 19 
14 13 27 
10 15 12 13 
13 15 12 16 17 20 4 25 
9 19 25 23 22 26 
13 17 12 15 
21 18 22 14 3 20 26 2 9 
2 5 4 6 1 3 
16 14 4 
18 13 9 24 
27 16 17 1 15 
14 23 17 16 21 
20 2 22 13 25 
16 14 20 19 26 11 
16 3 14 
18 13 12 27 3 
27 17 23 21 22 19 11 16 
27 17 5 26 22 20 19 13 18 14 2 16 
27 26 22 20 21 19 13 25 4 3 23 9 14 17 8 12 16 
27 14 4 2 1 17 19 21 8 23 
27 4 1 3 17 22 20 19 13 23 26 14 16 
16 26 20 17 13 21 6 7 14 27 9 23 
4 17 22 27 19 20 21 23 13 15 26 5 16 9 
27 16 14 6 2 4 23 26 21 20 8 25 22 
27 17 26 24 19 13 14 9 10 
27 17 24 19 12 13 23 22 
27 17 15 13 16 10 18 25 
27 25 26 3 1 20 9 
9 10 7 
27 4 1 2 13 19 17 
12 18 22 
14 15 10 2 27 
13 26 21 22 17 
27 26 25 24 21 22 18 
27 9 14 17 
22 21 13 10 
22 9 10 16 
13 14 16 19 22 2 9 
5 13 21 27 14 4 
27 18 17 
9 24 11 13 1 18 22 27 
9 26 24 
25 16 17 
25 26 23 24 19 20 22 18 13 12 27 
1 9 14 13 
27 24 20 
3 5 6 9 
4 2 14 20 18 19 11 8 7 9 6 
19 21 27 
27 2 6 
27 17 14 20 
27 2 24 20 
4 7 27 
27 4 6 1 7 8 20 24 23 11 
19 17 13 20 1 
5 9 6 17 2 18 
5 18 27 
14 19 27 7 9 12 
13 15 12 
7 6 17 
27 25 21 20 22 19 17 18 6 9 14 
16 14 11 15 
1 4 6 7 21 8 27 18 26 
27 4 2 3 5 12 13 18 19 17 21 
27 1 8 7 11 12 17 13 
27 25 21 17 
27 9 5 8 7 6 1 10 11 13 12 18 21 17 26 16 
27 17 13 26 18 9 12 14 10 6 1 2 20 19 11 
27 14 9 7 
17 22 19 18 20 21 27 4 16 14 15 3 
1 23 7 21 6 27 
1 25 6 
16 14 17 24 
27 26 24 25 21 20 17 13 15 12 9 2 14 
15 17 14 
27 23 19 26 15 14 16 8 1 
27 13 17 20 
15 13 27 7 
19 17 10 
21 20 19 17 18 13 26 
9 14 18 22 4 
27 3 5 4 
27 9 11 8 18 17 22 
6 7 8 4 14 
27 9 23 
4 1 16 17 27 14 
2 3 24 
27 16 24 
9 13 20 17 
6 25 23 4 16 
20 1 13 
19 14 17 11 4 
27 23 20 19 13 15 11 6 5 
27 25 11 15 16 
25 6 10 
9 10 4 
8 17 2 6 19 
4 7 8 9 
14 26 20 3 
27 25 17 13 
17 13 26 16 19 
22 27 12 18 
27 16 14 9 13 15 7 8 5 4 25 24 1 6 23 
27 18 21 
18 13 11 
9 21 26 14 27 
23 21 14 4 
27 7 6 4 8 
18 20 24 
18 14 10 4 5 
27 6 2 1 3 9 18 17 
27 1 5 6 14 15 26 18 
16 26 2 
14 9 25 
8 7 16 
14 12 10 2 
27 14 9 11 7 8 21 24 23 25 
2 6 7 
6 22 17 9 27 
17 26 20 7 6 1 
27 20 19 18 22 9 6 2 
8 7 10 9 13 22 
27 9 14 13 22 20 
27 10 7 8 14 21 1 9 17 18 23 4 
10 16 4 11 
7 15 17 20 21 18 27 6 
27 14 15 
27 14 18 20 
16 10 15 23 9 
16 20 18 
27 9 19 18 
27 19 24 
27 13 15 22 21 20 12 
6 2 9 20 27 
20 4 3 6 14 
4 18 14 10 11 22 17 13 12 
27 13 17 
3 15 20 
24 21 13 
16 14 9 1 2 4 18 22 25 27 15 13 26 23 17 
27 2 1 6 17 
27 17 14 
27 4 9 17 
27 14 9 16 
16 14 27 
18 19 13 20 27 
2 20 16 
15 9 3 
4 16 14 9 1 2 17 27 
27 21 24 4 2 1 6 5 9 8 19 16 18 26 
12 26 16 
27 2 12 19 
2 27 1 
17 21 9 
1 5 6 22 24 23 10 14 17 2 
17 16 9 5 4 
27 19 13 15 
10 9 3 
20 9 14 15 16 
7 10 20 27 
27 12 26 16 15 25 4 
27 16 10 6 12 13 7 15 1 8 
27 6 9 26 
14 25 26 
13 14 9 
9 12 23 4 1 2 7 11 22 
27 16 14 12 9 
13 20 25 
27 16 17 20 19 13 12 15 14 9 2 1 5 4 21 
27 16 9 3 13 26 20 
27 26 22 12 
27 20 19 9 6 17 2 1 24 
27 18 19 17 9 7 11 
12 16 9 
27 24 13 
23 18 13 8 
4 6 2 1 19 8 
27 16 24 19 26 14 
27 13 14 10 4 3 12 15 21 22 17 9 6 
27 21 20 22 26 19 17 13 15 16 4 2 3 
4 5 3 2 
27 24 14 
27 3 24 2 
27 2 3 5 
2 1 6 13 26 
25 26 17 9 3 4 16 
23 12 10 11 27 2 9 16 
27 26 14 
27 17 9 
15 13 16 
27 1 22 17 
27 19 4 6 1 14 15 9 16 17 13 18 26 22 20 21 24 25 
27 5 20 16 
2 1 4 
5 4 1 2 
25 12 27 
27 4 9 
27 8 6 11 9 2 14 17 
9 6 20 22 
27 17 25 24 21 15 
27 4 14 12 
8 6 10 14 12 16 26 21 24 9 
13 17 5 14 4 
17 23 6 
3 11 22 19 14 
27 16 14 9 21 10 12 
14 19 13 
20 22 17 15 23 
22 26 23 18 
17 13 6 3 14 
27 14 15 12 26 23 20 19 11 8 1 
27 15 14 10 7 12 2 24 9 4 18 
27 17 16 20 9 22 21 24 14 15 
22 15 18 
7 14 16 
27 1 3 16 13 15 23 21 22 
12 23 25 
27 19 13 14 2 25 26 24 23 
27 14 26 17 11 8 
27 8 7 
27 17 9 
13 24 21 
19 14 27 
19 20 26 25 
16 17 15 
14 18 19 22 21 26 9 
7 1 14 
3 4 27 
21 13 22 
17 15 18 14 7 16 
27 10 21 
1 17 10 
17 27 9 23 
13 14 25 19 18 
25 21 26 
27 20 16 
27 17 16 14 9 10 15 12 26 22 20 21 24 23 19 8 
8 7 6 2 26 25 24 21 
18 13 27 
14 16 22 4 27 
14 13 17 27 
27 14 9 5 2 1 10 
1 21 26 
27 25 23 22 15 6 2 1 3 4 14 10 20 21 
27 26 23 15 13 11 8 10 7 
6 7 10 1 5 27 
3 10 14 17 27 
5 9 14 10 
22 19 13 18 14 9 6 3 
27 2 1 14 9 10 22 17 
9 7 14 6 3 
21 26 27 
2 1 6 27 18 
21 13 8 9 27 
2 4 9 
3 20 4 27 
19 2 1 
2 10 7 24 
15 3 27 
27 26 22 
7 14 26 10 
27 15 16 2 4 5 6 
27 4 2 1 3 5 6 7 10 14 17 21 
14 4 10 9 
20 19 22 13 26 17 27 4 
1 19 22 
27 15 12 14 21 24 17 18 9 7 
14 27 7 6 
3 2 4 
27 16 25 7 
27 4 8 7 14 17 
14 12 7 5 3 27 
10 17 22 
17 25 21 4 
27 17 14 23 20 19 22 13 10 
9 14 15 10 7 6 22 26 
13 23 14 
27 13 15 14 
26 6 10 25 
12 15 23 4 14 
8 27 17 
16 6 14 
16 14 9 2 
14 12 10 19 25 23 21 
16 27 10 
27 8 2 
27 2 6 11 14 8 
27 14 16 12 17 15 21 23 20 
27 16 9 6 5 13 18 22 
27 11 9 15 26 17 22 16 2 4 
27 20 9 
16 17 19 
19 16 17 21 14 
27 11 7 16 14 9 17 13 
27 1 9 22 
21 24 26 
27 25 17 22 16 5 14 
27 16 14 9 17 4 5 6 7 10 2 1 
9 13 20 19 17 
6 8 9 14 12 13 
20 21 19 
27 14 10 9 8 15 1 3 
27 7 15 9 26 23 4 
16 12 13 15 10 7 2 8 
10 25 18 17 13 11 14 
7 16 22 17 
12 13 15 9 19 20 17 
12 24 9 8 
2 9 12 14 
1 2 4 5 7 17 15 
9 14 10 8 25 24 
20 10 19 
13 1 16 27 
6 9 16 19 
16 14 10 
27 19 16 
27 9 6 
