19
3 13 
17
13 14 16 
26 23
17 14 8 
13 1
18 22 27 
14 10
12 
18
8 
14 19
24 17 
3
27 
9 22
21 24 14 15 
13 9
22 
22
19 
11 9
2 14 17 
2
25 26 24 23 
4
8 
14 24
17 
2
16 
17 18
13 23 14 9 6 
17 14
4 2 12 
17
14 
16
8 
25 15
14 
13 17
20 19 22 14 
14 18
20 
20
21 16 
21
27 16 
9
10 
20 16
4 
13
18 19 21 
23 17
10 
15
18 27 
8 7
27 14 21 
9
13 
7
27 
18 19
23 
5 6
26 
16
7 
16
3 
4 15
16 
18 13
12 14 16 
3
27 
9
14 
6
27 
13
15 11 6 5 
21 24
10 7 8 1 
16
5 4 
17
18 26 23 22 25 24 7 
9 15
16 
17 23
13 
13
27 
2 17
26 22 1 
13 10
9 17 
22 21
25 12 13 14 9 
6 9
14 12 13 17 24 
21
23 16 
17
16 
14
6 
13 17
22 19 18 4 
26
17 14 16 
16
22 
27
1 
3 4
19 20 16 
17
18 13 26 20 22 21 23 25 24 4 27 
18
26 
17
13 
11
24 
21
13 22 27 
4
3 
6
16 
17
27 
21
19 
21 2
9 6 
5 6
7 10 14 17 21 
26
14 27 
1 9
14 13 27 
26
17 22 
17
14 25 
12 13
7 15 1 8 
20 19
22 
20 19
22 13 17 15 12 25 21 
25
17 26 6 
10
9 
4 1
6 14 
12
13 
15
27 4 
17
22 
14
12 9 
16
22 
4
13 27 
1
3 4 5 
3
14 
13 18
7 4 24 16 12 2 
17 16
1 11 3 4 
13 16
14 
22
26 17 12 14 16 9 
2 1
4 9 
26
23 
14
20 2 9 
26 17
22 16 2 4 
21
20 17 
14
3 17 20 
3 18
24 16 
21
12 
16 9
1 3 4 
15 14
16 
25
26 17 15 
19 14
1 
14 15
18 
14 16
3 
15
10 9 12 
25
23 
2 5
4 27 
14 6
1 21 25 
26
27 
15
13 4 27 
21
4 
7
8 11 1 2 3 5 4 23 24 21 25 
24
1 2 
16
2 
20
22 24 9 
2 1
5 16 27 
22
20 
22
16 
13 19
16 
2 3
5 
3
13 2 5 4 
18 11
22 14 
26 17
14 27 
5 9
14 
13
27 
24 26
22 
16 4
5 9 
5
15 20 27 
14 9
16 
19
20 26 21 24 25 22 4 2 5 3 
9
15 
20
24 19 
1 3
27 
3
4 
13
10 
14
25 
25 21
19 20 3 2 7 
4 17
1 
10 13
16 2 
9 19
18 
15
26 25 14 
17 4
27 
12
9 2 5 4 
18
22 4 
13
20 1 
23
25 
1 10
22 
14
9 
20 23
24 27 
21 20
18 19 17 
10 9
13 22 
10
20 24 
9
27 
17 24
21 22 3 25 19 4 
19
27 
2 24
20 
17
14 1 16 
19
16 
24
21 22 18 
26
23 18 13 17 3 
9 14
12 13 
21
18 14 5 
10 6
20 17 
1 13
26 
20
26 
20
27 
17 4
27 
12
20 27 
10
16 20 25 22 23 21 15 18 17 
22
27 5 
6
2 1 3 5 4 
11
8 5 25 16 24 
16 13
19 
5 4
17 25 21 13 24 19 20 18 
22 20
27 21 24 
17 18
13 9 23 25 
11 18
13 
18
13 15 14 9 6 
26
25 4 5 22 2 3 27 
14
2 
20
23 11 15 
13
16 
6
17 
20
13 16 
20 22
12 
5 1
4 21 13 27 
27 13
14 25 
9 18
19 
15
14 16 8 1 
16
21 17 18 
24 6
27 
19
10 
22 19
17 25 27 1 
9 17
20 14 
3 24
2 
9
18 
8 7
14 17 
4
3 
11 8
10 14 17 20 23 
10 25
9 
1 22
20 25 
15 10
9 6 21 
7
4 
19
1 
1 16
27 
26
16 
14
17 
14
20 
23 13
9 
22
4 5 8 
3 2
27 4 16 
19
22 15 12 20 
20
4 
25
2 
13
18 19 
13
17 
16
15 2 
26
24 
3
27 
14 15
10 
21 27
4 16 14 15 3 
19
9 
17
21 24 
19
18 9 4 
20
2 6 1 18 
14 16
26 
14
21 
17 19
1 8 16 
7 17
13 27 9 
23 17
15 12 
14
5 
12
10 
1
27 20 5 12 
9
11 
6 18
27 
26 9
12 
20 22
13 
12 13
17 21 
9
1 
17
9 
24 20
17 23 19 14 
2 1
5 23 24 
5
23 26 20 19 
20
16 
26
27 
20
18 
4 10
9 
14 8
12 3 
9 20
27 14 12 
3 14
23 
1 10
20 
19
17 18 6 9 14 
26 14
13 7 3 
16
18 
16 24
27 
22
16 1 
18 22
9 6 2 
17
15 23 
18 3
1 4 17 6 14 9 
13
27 
21
23 
26 20
3 
19 24
22 23 
9 22
2 3 
10 20
27 
9
16 26 
11
14 8 
18 22
19 
17
18 
22
15 
16
10 14 
18
22 19 13 12 15 
21
2 6 3 9 12 
12
17 20 21 
25 23
17 19 18 20 27 
10 26
20 22 3 4 
14
17 
7 14
10 11 12 25 23 21 5 9 16 
26 16
14 
9 18
15 14 4 
26
18 17 14 
4
27 
27 7
9 12 
14 8
11 
15
3 20 21 
20
11 15 13 
22
20 21 25 
23
3 2 6 1 14 11 27 
17 19
22 
17 24
26 
17 14
2 
22
13 18 16 12 17 
3
13 17 27 
21
22 19 1 
27 12
18 
2
1 21 23 
13
22 1 15 
17
21 20 26 2 
23 21
26 25 27 
27 7
6 
26
1 2 9 12 17 
19
7 2 
7
4 
14
12 18 
16
12 
17 9
10 
26 19
27 
1 3
10 9 13 23 
16
9 
10
21 
13 27
7 
10
14 
2 1
7 6 
9
20 
20 9
11 6 7 8 
15
26 20 1 
4
14 20 11 
1
3 14 12 17 23 
3 7
13 
13
3 19 
26
9 
17 18
23 21 26 7 8 27 
1
27 
2 7
11 9 14 
5 3
27 26 
21 23
13 15 26 5 16 9 
14
27 
17
13 15 12 9 2 14 
22 20
18 13 21 23 24 25 7 8 16 
6 3
4 
6
7 
5
6 16 
1
3 
9
27 
15 9
19 2 5 6 1 4 14 
17 15
13 20 
21 13
15 17 
3
24 
26 11
8 10 14 
26
25 
15
12 14 
13
17 1 
14
24 
18
17 4 
10 1
5 27 
14
20 
12 2
4 17 22 26 10 
10 8
25 24 
16
3 
19
23 13 24 27 
17 26
22 20 21 
13
19 24 16 
14
1 17 
16
22 
2
15 
16
25 27 
7 6
4 
18 19
22 9 
1
27 8 13 23 24 16 
20 7
6 1 
22
21 26 9 
7 6
9 14 18 
14 15
12 13 
6 17
13 
13
18 15 
16
14 5 4 
12 6
2 
4
25 
24 20
2 
9
21 
19 11
7 
10 14
9 
15
24 
16
15 14 
13
17 14 
17
12 13 
6
17 14 
25
22 
27 20
26 13 18 19 17 
17 15
14 9 
13
16 6 
14
22 
14
9 
20
16 
6
14 26 24 
22 2
4 14 
16 9
17 
4 9
17 
16 22
17 
14
16 5 9 
22
15 13 
13 20
21 
21 15
5 4 2 1 
10 11
13 12 18 21 17 26 16 
6 14
15 26 18 
14 3
24 8 16 
9 3
10 
25 26
20 17 9 
22
16 
16
27 
6 11
14 8 
2
13 
23
16 4 3 2 6 1 14 
1 21
27 
9
20 27 
6 17
11 8 4 3 27 
14 9
27 
19
18 
22
25 27 15 13 26 23 17 
20 19
21 27 
9
4 
19 25
2 3 9 14 
21
3 16 
26
17 14 
19 14
27 
22 19
18 24 13 25 21 27 
8
22 
18
27 
3 2
12 
15
13 17 
2 3
1 24 14 27 
16 17
14 10 
17
5 
13 20
17 
16
2 6 1 3 4 5 
22
21 
9 18
27 
9
21 
6 17
2 18 
21
20 17 
16
1 
14
16 27 
22
19 1 
9 14
17 18 25 24 
2 26
25 24 21 
20 19
18 25 16 
9
14 13 
17
20 
9 25
21 
24 22
2 
3 17
18 13 14 
22 21
16 4 
18
17 12 4 9 
19
8 1 5 3 2 4 23 21 27 
16 19
21 23 
4
9 
18
2 
20
27 
16
17 
16 17
26 19 
2
6 19 
8 16
13 27 
17
16 21 
24 9
6 4 
14
16 
13
17 
14
22 27 
17 10
16 
20 17
19 
16
21 
16 9
11 8 14 15 10 12 6 
17
6 
25
12 16 
21
9 
25
22 24 16 14 
14
4 
26
9 
20
22 
22
2 14 
22
19 
19
14 1 4 
13
19 16 14 
14 10
13 
14 9
2 
21 14
9 
4
26 25 
4 5
6 7 10 2 1 
1
2 7 11 22 
18
2 1 27 
14 6
21 
14 9
22 23 
13 22
4 1 5 
14
2 9 
2
17 9 7 
17 10
16 
14
20 18 
3 11
8 
26
16 22 19 1 23 
16
18 
5
6 1 3 27 
18 19
14 16 
4
6 
9 18
17 
20
15 
7 8
11 10 
14
27 6 17 
24
26 
14
3 2 9 4 
17 5
4 
7 8
20 24 23 11 
14 8
20 
25 26
23 
14 16
17 
14
16 17 27 
4 6
1 3 
13 15
9 27 
27
6 
15
12 
16
13 
4
1 
17
26 
26
16 
7
14 
14
9 8 11 12 16 
20
14 4 16 
6
16 
27
2 1 
15 21
24 
13
25 23 
23 26
15 
25 21
4 
22 17
1 2 23 21 
21
20 22 26 15 
6
27 
16
13 20 
22 17
23 
14
12 
25
24 16 
11 15
21 1 
26
16 
3 9
10 15 
1 21
20 
24
18 14 
14
2 26 
10
27 
1 27
23 18 
15 4
21 18 19 
21
12 17 15 14 
14
16 1 
14
13 17 25 24 21 
19
13 14 9 10 
15
12 
9
2 
16
14 9 
6
9 15 13 22 16 
4 1
3 
3
27 
21
26 25 5 10 
1
4 
14
15 13 22 21 
9 14
13 
8
15 17 
5
17 
14
16 17 
14
13 9 
16 6
1 20 
17
18 26 
16
20 
1
13 
17
18 22 3 
3 2
9 
1
26 18 
3
6 
8
7 
21
13 22 9 17 12 
27
22 21 23 24 17 
21
25 18 20 26 
16
15 25 4 
18 20
17 13 16 
14
27 
16
11 
14
10 11 
9 10
16 
19
25 23 21 
17
13 15 16 4 2 3 
14
27 
14 15
13 17 20 21 25 
18
25 26 22 21 2 4 
16 6
17 
8 7
2 4 
27
1 
21 1
9 17 18 23 4 
14
18 19 
16 27
4 
23
15 4 
26
14 
16
15 
14
6 4 
26
19 
21 26
2 16 
26
14 13 11 17 27 
7 8
4 6 14 
22
27 
16
15 
20
18 
12
19 8 22 9 7 
17 26
9 
7
16 
12
9 
2
1 4 
14 21
22 
17
21 
19
21 
6
27 
7 21
6 27 
21 19
18 
14
17 
2
3 16 
14
7 8 
22 17
16 
17
26 
16
21 27 
25
14 
6
14 
20
16 
27 17
20 
10
15 20 
16
9 13 
5
2 
16
14 
21
14 
22 13
14 15 1 16 
15 11
8 
15 17
14 7 8 9 5 25 
21
8 27 18 26 
11
15 
20
25 
26
17 
23 21
10 14 
27
11 
10
3 2 9 12 14 
14
20 
8 18
17 19 
14 17
24 
14 6
1 
12
17 
25 22
19 
16
21 
9
26 
23
20 19 11 8 1 
21 14
4 
23 13
18 
10
9 
22 24
13 12 14 8 2 
22
16 
18
16 
21
22 15 10 27 
9
14 15 17 
2
1 25 
4 13
1 19 
15 14
9 6 5 2 3 
15
16 18 
12 10
17 16 
15 14
9 6 
1
4 
11
27 
7 8
11 6 5 
6
1 
18 22
19 14 10 9 
2
6 
15 9
6 2 
20 19
27 
2
3 25 8 11 
18
17 
25
16 
13 21
16 
16
15 11 
15
12 
20
21 
14
16 3 
9
20 
21 18
19 
8
27 
23
26 21 20 8 25 22 
13
9 
22
8 18 27 
17 21
24 
17
26 25 
6 20
22 
5 3
2 
26
20 18 
13
5 
9 14
17 
17
26 
21 17
26 3 6 
20
14 22 
16
9 
21
20 13 9 
1
27 
17
12 14 9 
17 14
18 
19
16 
4 2
17 
2
4 
1 6
9 19 
23
6 
8 22
20 27 4 23 
21
3 
14
12 9 
23 18
19 14 
11
19 
13
17 19 21 24 
6 7
27 
9
6 
1
2 20 27 
22 20
17 1 14 
26 20
19 22 4 
6
3 14 
20
9 
12 9
1 2 
6
1 
26
25 19 
13 20
22 19 21 2 24 
24 13
7 8 11 
17
1 27 
11
27 
4
17 
24 21
10 6 
19 9
10 
17
13 
16 7
9 12 
18
22 21 14 
23 25
17 18 19 
10
14 23 21 7 26 
13 18
19 
15
20 
24
23 26 25 22 15 
5
18 
12
13 17 20 21 
2
5 6 
6
17 2 1 24 
16 14
21 
11
1 2 21 20 17 
14 5
26 
4 16
12 15 13 23 
26
13 
19
3 4 
10
14 
19
16 
14 12
22 
16
5 
21
27 
1
16 
13 18
19 
14
17 23 
18 14
9 6 3 
1
6 17 
20 18
23 14 
8
14 
17 21
19 
18
20 24 25 16 
14 26
10 
2 1
3 4 27 
10 12
27 9 
22
21 
12
27 24 13 16 
2
21 
10
9 
26
17 
26
27 24 
6 3
2 
21 1
14 
13
10 
10 16
27 
19
14 
19
7 
13 21
19 18 6 4 
17
13 18 15 12 10 2 4 
25
7 10 
12 14
9 3 6 17 
10
4 
27
6 
24 21
14 7 8 2 1 
25
18 19 17 
6 22
25 9 
17
4 
21 26
4 2 
13
18 14 9 8 2 3 
11 27
2 9 16 
17 13
20 
1
22 20 
24 13
3 
1 11
27 
14
17 13 25 
18 16
3 
20 19
13 18 14 2 16 
13
4 3 2 1 14 
9
14 13 16 17 
27
3 6 22 18 20 
26 12
17 
17
1 15 
26
23 
16
13 
10 7
6 22 26 
19
22 15 14 
14
12 
8 26
25 17 20 22 14 
22 8
2 
24
5 4 18 19 
20
19 15 18 2 16 9 14 10 
19
27 
14
17 5 2 1 
25 23
6 
9 14
2 
7 8
10 15 14 
11 27
18 
18
16 27 4 
9 5
4 
25
3 
9
25 22 21 20 6 4 3 2 
14
10 27 
21
22 17 
12
5 1 4 17 16 
19
27 
8
10 27 
3
5 
23
22 
21
26 
14
6 
19 18
23 26 14 
13
19 24 
21 22
1 
20 19
3 
16
14 
18 14
6 27 
20
16 19 
16 14
15 22 21 9 
26 13
25 14 8 6 
5
14 15 19 17 
27 24
14 
11
9 
2 5
4 
2 1
19 8 
10 9
14 
13
19 20 4 
9
27 
16
2 
13
18 16 
2
17 22 
17 15
14 
16
6 27 
20 22
18 13 17 15 
13 17
19 20 
2
23 
19
22 
13
16 3 4 17 
2
1 27 
2 17
14 
8
5 4 25 24 1 6 23 
18
27 
7 8
21 24 23 25 
8
11 22 
19
23 26 25 
13
16 
3
16 14 
19 18
17 14 16 
10
16 
13 2
20 27 
17 14
15 18 26 16 9 
21 4
27 
20
19 17 
16 27
17 
13
4 2 6 
14
27 
17
27 
17 12
15 
27
21 
19
24 
12 13
24 21 
17
27 
3 20
19 22 13 26 24 16 14 
8
14 17 
13
11 
2 16
23 
22 18
19 15 4 24 
26 21
22 20 
17
21 26 
23
19 20 6 1 27 4 7 26 
21 23
14 27 
14 15
9 
1
16 
4 10
24 3 
5 7
22 19 
26 24
4 16 
3 21
9 22 25 
16
9 
3 16
19 
9
2 4 5 
21 22
19 11 16 
5
2 1 7 
2
27 
14
27 1 
10
20 
6 14
17 26 22 20 
27 14
11 
9 4
15 
6
24 
5 7
9 25 24 21 
10 14
9 
22
7 9 5 
22
12 2 1 
4 26
27 
23 21
15 14 9 1 3 8 
9 14
22 
19
17 
17 15
2 4 
10 4
17 
9 17
14 
26 5
3 2 
16 15
26 23 27 
20
9 14 
11 13
18 16 14 
13
15 25 
14
15 
13
12 17 
12
10 15 17 
13
16 14 17 21 23 25 
14 13
23 25 
16 27
13 
8
14 16 22 
25 17
19 
21
19 17 
20
22 4 
9
14 17 
17
15 
9
25 
26 23
21 
17
21 14 
6
27 18 
26
10 
14
20 16 
15
23 
19 13
14 16 4 2 9 
20
22 14 
19 27
17 
24
25 22 16 
10 3
27 
17 26
12 
24 9
8 
16
5 
20 4
5 
14
16 
22
19 14 
18
19 20 22 13 4 12 21 
25
19 18 
19 17
9 
14
17 
15
3 27 
13 24
9 
19
12 3 
17
14 
25
6 
13 21
20 3 
13 16
1 3 
19
18 17 
20
14 4 
17
11 
6
4 19 
8 4
27 17 20 23 22 
7
19 
9 12
14 
4
1 
15
27 
8
27 
6
24 17 
7 11
12 17 13 
13 16
1 4 12 7 8 21 19 
10
7 8 
15
18 
14
12 16 18 13 15 1 
16
14 
7
16 18 22 20 
7
9 4 
23 6
2 17 
9 7
2 5 16 
17
8 3 
20 24
23 3 
27
8 19 16 
27 20
4 
13 15
12 14 10 9 8 16 
16
22 
13
18 1 7 9 
18
16 14 4 
22
11 8 4 
21 4
27 14 
19
20 
7
9 14 18 26 
14
15 27 
21
9 16 
6 9
17 22 
7
27 
2 6
16 
20 18
3 25 
21
12 
10
9 8 
5 6
9 
18
22 
12
13 
20 26
25 
24 1
2 
4 2
19 
22
24 7 
18
15 11 10 
26
19 20 21 23 4 22 14 16 
22 17
13 
17
10 4 
21
2 
10
7 
27
14 
15 18
13 17 26 22 20 23 16 
24 23
10 14 17 2 
1 16
27 
22
21 4 2 3 6 1 5 7 11 8 
22
16 5 14 
26 17
19 18 
10
20 
9
14 12 
9
12 5 1 21 4 27 
21
27 
26
17 
24 21
12 7 
14
4 
10 9
23 18 27 
12 27
21 
2
1 
17
18 
19
22 
16
22 
14 12
21 
16
9 
14 9
11 
17 14
9 6 
4
27 
5 9
4 
22
17 26 
4
14 
4
9 5 6 
27
3 16 
20 10
16 
13 18
11 4 25 14 16 
16
14 
27 24
25 22 17 14 7 8 11 
19
18 
20 21
27 
20
17 
25
21 20 13 12 15 24 23 18 22 19 
14
16 
14 19
21 16 
14
4 
16 17
13 18 26 22 20 21 24 25 
14
24 
12
11 
15
14 6 5 
6 4
27 
20
14 
18
13 
5 14
13 9 
10 12
13 4 3 2 
19 13
15 
15
24 21 23 3 
7
8 19 
19
26 27 
19 9
14 16 8 
26 3
6 4 
22
18 13 
19
26 22 15 
14
27 
12
13 19 
15
9 
14
8 
14 9
2 
19
20 
26
16 19 
17
14 
17 16
9 4 
3
1 25 22 
9
10 25 
4 16
17 
22
18 16 1 14 
21 9
3 
4 3
17 
16 11
12 
16
27 5 
9
26 23 4 
6
1 2 
5
14 4 
13
17 20 26 
17
15 12 16 14 9 4 
17
16 
20 4
27 
24
16 17 
8
17 
1
27 
14
18 
17
11 4 
13 16
14 
23 13
12 9 
5 13
27 
7
15 
8
9 27 
14 4
7 8 5 
10
14 
13
1 23 26 20 
9
14 4 27 
14 18
16 
17 15
16 14 
13 17
24 9 27 
3 13
19 
20
19 22 13 10 
8
14 22 
11 4
27 19 17 
9
14 
14 12
27 
16 14
9 17 13 
19
11 8 7 9 6 
17
11 9 4 16 
17
16 24 
14 13
21 24 
17
16 
2
6 9 
14 9
7 
13
12 3 4 
21
6 15 4 
10
12 14 
23
22 6 17 
13 15
26 7 14 
14
16 
8
23 
6
9 
27
9 
16 21
13 
21
14 16 12 
18 6
1 
24
18 13 1 2 6 10 
27 15
16 9 
18
10 
9
27 
3
4 
12 16
26 21 24 9 
2
4 
10
14 
23 25
17 
22
18 
16 9
27 
5 16
4 
25 6
14 
16 25
3 
21
18 13 27 
17
12 
26 17
15 
15
22 
1 22
17 
22
13 25 
10 7
15 12 13 17 
14 19
13 
9
14 18 24 21 22 26 
24 18
20 14 
17
16 
21
9 11 
26 27
17 
2 1
3 4 14 10 20 21 
21
14 9 15 
16
21 
27
14 
20 26
27 
7
15 21 23 
5 6
9 4 
4
2 
10
2 27 
17
13 18 19 25 
14 10
9 
15
19 
25
4 3 16 24 
6
10 8 5 2 4 
27 21
16 
20
27 
8
22 
19
27 14 
17
27 
14 13
22 20 
10
17 27 
26 7
27 
7
9 
7 5
3 27 
3
4 13 18 21 
25
19 20 
18 17
2 
8
2 3 9 26 
22 24
21 
5 20
16 
17
13 
9 16
6 
6
27 
4
26 
20
23 26 15 4 
26
22 14 16 
8
21 
23 24
22 
19
22 
26
17 15 10 11 7 2 27 
15
13 27 
26
2 
21 2
18 
4
25 
2
9 
10 9
25 21 17 4 3 2 20 
12
9 8 3 19 
1
22 26 20 18 19 
4
26 
13
17 26 20 21 24 4 3 
22 18
21 23 24 17 25 27 
24
3 
26 15
14 2 
9
7 
16
14 9 8 
14 3
16 
22
16 27 
8 3
1 2 20 19 23 
22
19 21 23 25 18 24 4 
15 14
17 3 2 4 
16 9
1 2 4 27 
19
15 
14
16 4 20 3 
8
13 16 
16
17 
24 19
26 14 
9
20 19 22 15 12 25 
22
21 
13 9
24 
13 18
19 
11 10
3 
12
2 
19
13 
27
4 
17 22
5 2 1 27 9 
2
18 
20 18
13 17 14 9 6 
4
20 
26 4
16 13 17 
10
14 
16
13 
4
17 
15
27 
25
23 26 
10 14
13 
6
22 
9 14
10 
8 16
14 
9 1
2 17 27 
13
16 27 
9 8
6 3 1 2 
16
21 
21 20
1 
23 26
3 2 
4
9 
9 8
6 1 5 3 22 21 
9 6
11 8 24 21 
18 20
27 
8
2 
19 12
13 23 22 
22
10 26 
9
5 4 
21
9 
17
9 20 
17
13 
20 15
9 3 
14
15 
10
4 
20 13
12 3 16 9 
3 12
14 
17
20 18 
17 2
9 23 25 10 14 16 
14 20
23 17 
13
21 
19 20
9 
14 20
3 
17
27 
2
5 21 22 26 
6
27 
2
25 19 4 23 26 21 
14 2
4 
4 5
16 
13 17
27 
23
14 
9 14
8 
26
1 15 9 12 19 
9 4
27 
9
3 
3
14 
19 4
26 
2
19 
20
4 
2
6 
19 13
27 
12
13 17 
9
21 23 16 10 
4
2 
22
3 2 
16
20 18 
16
10 
12
6 27 
27
14 
17
1 15 
21
13 27 
13
27 
11
8 
17 26
18 2 
8 11
6 
14
17 
16
1 3 
24 18
27 
17
10 
3
1 20 9 
15
17 16 
14
21 24 
16 14
9 
9
27 
24 19
17 13 
4
17 20 
16
20 
18 19
16 17 14 9 10 
25
16 
16
9 14 7 10 8 1 2 6 15 12 
19
17 
17
26 18 3 4 
16 14
12 15 9 1 8 11 21 24 
5
7 17 15 
20
19 13 23 26 14 16 
17 13
10 26 21 3 2 
21
20 9 3 
24 4
3 27 
12
20 
17 3
6 13 
17 20
9 26 
11
16 14 
6
9 14 
2 1
3 
18 19
25 23 24 21 17 
4
6 
22
26 20 21 
1
4 
26
18 22 27 
14 26
22 
17 9
7 6 
27
16 21 2 
14
27 7 
20
26 
14 9
3 2 4 
12 16
17 
10
4 5 
10
14 
18 19
5 4 
12
9 1 16 22 
16
23 
20 12
5 
27
11 26 
6 9
15 18 13 26 24 16 
17 19
12 10 3 1 4 
11
9 
24
13 8 
14
11 
17 16
7 3 
17 14
20 
20
26 
7 16
15 
6
4 8 
27
2 
7
3 
11
20 22 26 25 
22 17
2 3 1 
13 21
18 
14 13
27 
17 20
19 22 
17
27 
19 21
14 16 
24 26
18 
17
9 
16 13
18 17 1 
19
17 16 
25
27 
17
19 
6 14
15 
18 23
22 10 
17
16 
27
14 
5
22 14 
20
18 16 25 
16
13 
9
15 13 17 26 4 
18
24 17 25 
16
13 
9
16 
14
17 
27
16 
14
7 
17 9
14 16 
26
17 
4 23
27 
24 14
16 
14
10 
19 21
20 14 
10
14 16 4 2 5 
2
4 6 3 
16 17
26 
26 17
16 
23 27
25 
2
4 5 6 
17
20 
16 25
7 
6
26 16 11 12 14 10 
4
3 
15 12
13 
1
3 
4 21
13 
14
12 21 
2 3
13 14 15 
4
3 23 9 14 17 8 12 16 
21 6
7 14 27 9 23 
26
14 16 
12
17 
25 23
26 11 17 20 22 
12
14 
4
21 
10 7
24 
5 4
20 26 13 
12 14
9 1 21 6 7 16 
21 20
3 5 
8
18 17 22 
3
4 
16
17 
17
21 1 2 
26
17 
22
20 19 21 24 23 25 4 5 6 2 1 3 
15 21
4 
26 19
20 
9
8 
19
13 12 18 3 17 
15
16 
13
15 23 21 22 
3
12 
14
9 
19 22
17 4 
27
19 
15
16 14 10 9 
9 6
16 
20 1
27 22 15 13 
24
14 
27
21 3 2 
7 8
19 
1
14 
3
20 26 2 9 
6
8 
16
23 24 20 27 
15
21 17 
21
15 18 9 
14 16
17 
17
25 
10 2
5 4 
14
23 26 
16 24
8 
14
20 
19
14 10 
8 26
14 
26 2
1 4 
13 19
16 
16 17
15 
8
4 14 
25 27
16 
18
19 
14
12 27 
9
5 
2
13 19 17 
6
11 20 
26
19 
14 15
9 22 20 
23
25 
13
16 
14
26 
20 17
14 
15
14 
9 7
18 26 
7
9 1 
21
27 
24
17 21 11 18 2 
20
24 
13 20
14 
3
2 
15 25
24 20 19 11 10 3 
8
16 27 
14
25 
6
7 14 
8
10 9 17 
10 16
4 27 
4
13 
24
18 19 26 
10
14 
27 17
4 
4
7 21 
11
3 19 20 
25
9 12 
14
26 
9
23 
9
5 27 
13
20 27 
18
21 
2
1 27 21 
17
12 9 
14
16 17 
24
19 
12
4 2 16 
10
19 
18 14
16 
15
17 21 
12
27 
12 9
7 14 27 
14
13 
16
4 
22 21
16 1 
2 10
9 24 20 6 
17
9 
5 4
17 18 21 
26 17
27 
5
20 21 
12
22 
12
27 3 
3
25 
17
27 
23
14 
9
12 11 
4 2
5 6 20 
7 8
9 
3
27 
2
16 
26 20
13 
3 4
2 5 
21
20 19 
16 10
14 
26 13
16 
7 18
26 
26
13 12 15 9 7 2 16 3 
21
9 
14 15
19 
14 17
20 19 16 
21
16 
24
18 13 14 
21
13 
21
27 
26 22
12 
20
18 
19
22 2 9 
22 17
27 
14
15 
14 12
16 
9
11 1 4 20 
15
1 27 
11
15 16 
12
27 
16
24 
17
18 13 26 
20 15
27 
1
21 10 
1
4 
14
15 13 2 4 1 
22
16 
8
15 9 
22
18 27 
11 14
18 25 4 9 
13
7 11 4 16 3 
16 20
17 
8
11 17 27 
14
9 
23 25
22 9 2 14 
12 14
16 20 
16 6
9 
18
17 
18
24 20 23 27 
24
23 16 4 
15 14
7 8 
14
17 27 
12 19
23 17 14 
17
9 7 11 
14 8
5 
11
13 
15
21 
13
11 8 10 7 
10 13
2 1 22 
12 10
2 
24
25 21 15 
16
9 
26 19
14 
10
14 
6 1
19 9 
1 17
16 
16 17
27 14 
9
14 
9 22
21 27 
6 5
9 8 19 16 18 26 
13 16
3 
27 9
23 
16 19
11 
14
10 17 22 
9
3 4 16 
20 21
16 
16
27 
8 24
19 
1 14
15 
6
21 27 
24
25 21 5 19 8 
13
19 27 
25
3 
7
8 2 25 21 24 23 
27
14 
25
14 1 
5
2 1 10 
17
4 
16
27 
9 25
17 20 
9
25 
9
19 20 17 
9
3 10 15 26 
24 25
1 
17
20 
13
14 18 27 
16 14
2 4 
20
19 
24 17
14 
24
26 
26
17 13 4 2 
9 17
26 
26
22 19 13 20 16 7 3 
17
14 16 4 5 
13
3 5 
4 14
16 
18 14
7 16 
2
16 
16
14 12 15 26 
1
9 26 
27
14 
13 16
27 
22
17 
23
17 13 
2
1 3 
21
27 14 
4 5
6 3 20 
11
22 17 13 12 
26
14 11 4 2 
10
9 
22 6
14 16 
26
20 
6
27 
3
17 
20
27 
27 19
22 
7
15 12 20 27 
10
14 24 
17
26 
8
20 
18
16 
14
8 
21 13
18 3 
12
20 1 17 
22
16 13 
2
9 14 
19
13 
2 4
17 12 8 5 3 
26 27
4 
18
9 
3
1 
9
25 
9 16
19 
26
16 1 10 
1 2
3 4 
14
12 
19
27 
12
15 18 17 13 1 27 
1
11 24 
12 24
17 3 2 
2 26
21 
21 24
17 18 9 7 
8
15 14 
22 21
25 
4
14 
10 8
2 
7
16 27 
14
16 2 
9 4
27 19 
13
26 19 
20 25
2 5 
27 11
2 
4 16
21 
4 18
20 14 
23
4 14 
19 13
9 
2 9
20 25 26 17 
16
2 3 
20
16 
17
15 21 23 20 
26 23
18 
14 27
17 
1
14 
21
14 
26 25
24 11 2 3 
4 5
1 
14
9 16 15 
6 3
14 16 
11 17
16 
14 20
27 
22 17
21 
3
1 5 
25 24
21 15 
17
20 
20 22
15 14 6 2 27 
16 20
8 
15
23 9 
17
25 16 
14 9
10 22 17 
6
10 
21
5 
16
19 
13
17 
21 4
5 9 
13
27 
20 24
13 18 1 9 16 19 
15
13 
2 1
9 
18 26
17 24 
24
20 
7
27 
27 11
10 
16 24
25 
15
19 
26
15 9 5 
9
3 
9
11 
9
6 
8 7
9 
21
27 
14 25
24 21 26 
18
21 
17 18
14 
17
19 
9
21 10 12 
9
26 
24
15 1 22 16 
9 16
20 
10
7 14 16 24 1 
13
27 
14 15
26 23 21 
12
14 
24 19
25 
18 26
14 7 8 11 6 24 
14 9
2 1 10 26 23 25 
25 21
17 
21
19 15 
25
16 
4
23 22 17 
13
27 
10
3 1 
4
22 12 
2
13 21 23 
9 3
2 
5
16 14 1 26 23 
12 13
14 
20 21
18 27 6 
14
13 15 17 20 
10 16
17 26 20 21 23 
20
8 
9
4 
13
19 
18 5
6 1 
2
4 
18 27
4 
20
4 
9 8
15 1 3 
17
26 
27
22 
9 21
10 
21 14
9 4 
10 12
15 25 
3 5
4 
19
18 
24
13 
17
14 
5 7
14 19 16 17 
8
11 14 23 
20 19
27 
4 14
12 
9
11 
18
9 
3
6 7 9 
9
22 27 
6
15 
22 1
8 11 15 
17
27 
14 5
2 4 6 
17 18
15 12 
17 13
9 6 1 
26 14
19 21 
21
18 1 7 3 
6 9
26 
14 16
17 22 20 
14
27 
14
15 16 
22
20 16 
2
1 
13
22 25 
22 15
6 
18 13
16 9 25 
13
6 
17 6
7 8 
25 23
22 26 
14 12
11 23 
16
27 
18 13
19 27 
10
14 9 
10
14 
27
4 
14 10
15 26 
14
27 
20
17 13 15 14 
9
15 8 
6
13 26 
21 27
14 4 
21
19 
21
13 
19 4
8 2 
2
13 18 
21
25 24 18 19 
4
20 17 18 
12
17 27 
15 12
13 9 
14
26 22 5 
23
19 24 
18
22 17 
19 18
26 17 13 25 2 3 12 
17
21 1 2 
13 26
15 
19
9 
9 12
14 16 21 
15 10
7 2 8 
8
27 13 
12 4
17 22 21 
4
10 
18
4 
25 26
6 16 
22
6 
11
3 
17
13 11 14 
3
16 27 
15 9
20 21 
14 11
18 15 3 9 17 13 
3
10 
5
19 
12 2
1 4 
17
9 14 16 
1
5 
18
16 
9 14
2 
8 11
1 4 21 
12
26 
18
27 12 
14 11
13 23 
16
27 
10
11 7 25 
5 1
16 
14 15
26 16 
8 17
27 
6
14 
15
14 9 2 1 5 4 21 
2
4 
18 27
16 25 
15
27 
19 24
1 9 
17
10 
17 13
4 
16
22 12 
14
24 21 
2 6
11 
14
20 24 
20 21
25 24 16 14 
16 17
13 
6
26 23 
12 16
27 
20 18
15 9 5 3 
25
10 9 16 3 
9 2
1 11 
22
21 20 12 
14
10 6 1 2 20 19 11 
7
17 
8 6
27 21 5 22 
20 17
14 26 27 
26
17 
14
16 
21
19 
23 22
11 
26 18
15 9 6 4 
14 16
27 
16
13 
13 15
14 
13
22 
22
8 15 14 
26
18 
24
25 26 3 
15 12
10 
16
1 
17
22 
19 13
16 
9
11 15 
14
18 17 25 24 
3
8 
10 16
17 
18 22
20 15 
9
16 
27 4
17 
9 20
4 
17
15 
14
15 13 27 
27
17 
2
1 
27
10 
20 19
4 
20 24
8 10 18 25 17 
22
16 
26 23
20 16 
18 8
4 
14
9 16 
16
9 
15 7
21 
8
14 
2
3 16 9 8 11 14 15 12 13 17 
11
15 
2
3 
15
19 11 16 3 
16
4 
20 17
13 12 
17
11 8 12 
23 7
8 11 12 18 
22 21
9 14 27 
14
27 
21 9
27 13 18 
18
20 
19 17
25 
24
3 
10
13 18 
9
22 18 17 16 
15
20 16 
17
8 
13 16
10 18 25 
14
9 
5
17 
22 26
2 
14
27 
10 13
21 25 26 
2
20 15 
25 21
27 
22
18 
9
26 
6 27
17 
1 9
22 
3 1
14 
23
20 26 17 
4 6
1 
19 22
9 6 14 12 13 
27
21 
25
16 
27
20 19 21 
18 21
25 
16
12 20 18 13 
1 17
19 21 8 23 
16 27
17 
12 14
2 17 
13
4 
16 4
11 
6 5
13 18 22 
17
9 
20
17 18 5 
13 1
2 
16
26 
20
18 19 
14
27 17 15 
25
27 
18
19 16 21 
16 21
23 22 24 
20
4 
23
21 14 
18
13 17 
12
13 14 2 5 8 
14
23 27 
27
16 
19
4 
8 11
27 
18
9 10 2 4 3 6 16 
