19
27 20 
17
1 8 9 
26 23
25 27 16 
13 1
9 24 11 
14 10
16 
18
27 
14 19
4 6 
3
19 
9 22
27 17 16 20 
13 9
17 
22
27 
11 9
27 8 6 
2
27 19 13 14 
4
22 
14 24
19 
2
27 
17 18
27 4 25 20 19 
17 14
27 9 8 
17
15 
16
27 
25 15
26 
13 17
4 16 26 21 
14 18
27 
20
25 19 
21
3 5 
9
14 
20 16
17 
13
27 15 12 
23 17
21 
15
20 10 
8 7
9 25 17 
9
27 
7
10 
18 19
16 
5 6
27 
16
27 
16
23 
4 15
21 
18 13
27 17 21 
3
15 
9
22 
6
25 
13
27 23 20 19 
21 24
27 25 26 23 
16
27 13 
17
27 4 1 2 6 9 14 
9 15
14 
17 23
21 
13
14 
2 17
4 18 15 
13 10
27 22 
22 21
27 17 26 19 24 
6 9
27 4 5 2 1 
21
27 26 
17
27 
14
16 
13 17
27 1 10 14 
26
27 2 23 
16
14 
27
14 
3 4
7 11 9 
17
8 7 9 6 2 1 3 5 14 12 15 
18
19 
17
22 
11
16 
21
24 18 3 
4
27 
6
14 
17
11 
21
20 
21 2
14 13 
5 6
27 4 2 1 3 
26
9 21 
1 9
20 26 5 
26
27 2 
17
27 16 
12 13
27 16 10 6 
20 19
27 
20 19
27 14 9 10 2 5 26 
25
14 18 13 
10
14 
4 1
19 23 
12
14 
15
21 13 
17
25 
14
27 16 
16
14 
4
19 26 
1
16 18 20 
3
16 
13 18
1 3 14 27 20 9 
17 16
26 23 22 14 
13 16
18 
22
27 4 3 6 23 21 
2 1
25 18 
26
14 
14
1 8 4 
26 17
27 11 9 15 
21
9 14 
14
1 25 27 
3 18
26 20 
21
16 
16 9
27 14 6 
15 14
22 
25
21 20 14 
19 14
20 
14 15
13 
14 16
10 
15
6 7 14 
25
27 
2 5
9 16 
14 6
27 9 13 
26
21 
15
20 16 14 
21
16 
7
27 16 14 15 12 13 17 26 22 20 19 
24
27 23 
16
27 
20
27 17 21 
2 1
24 25 21 
22
27 
22
27 
13 19
17 
2 3
27 
3
14 21 7 27 
18 11
27 13 
26 17
16 21 
5 9
27 
13
16 
24 26
15 
16 4
20 19 
5
23 25 14 
14 9
27 
19
27 16 6 9 14 15 12 13 18 17 
9
3 
20
27 16 
1 3
9 
3
16 
13
15 
14
16 
25 21
27 16 14 10 11 
4 17
27 
10 13
9 12 
9 19
27 
15
27 9 20 
17 4
16 
12
27 22 21 17 
18
9 14 
13
19 17 
23
20 
1 10
27 
14
13 
20 23
9 14 
21 20
27 25 23 
10 9
8 7 
10
27 2 
9
14 
17 24
27 18 26 20 2 9 
19
17 
2 24
27 
17
27 25 22 
19
27 
24
27 26 25 
26
27 16 24 21 22 
9 14
6 8 
21
27 6 20 
10 6
27 9 
1 13
27 
20
27 
20
6 
17 4
22 
12
14 15 
10
27 14 7 9 8 2 6 12 19 
22
24 17 
6
27 20 14 12 8 
11
27 1 3 19 17 
16 13
27 
5 4
27 9 15 12 2 3 1 6 
22 20
4 14 16 
17 18
27 8 14 16 
11 18
1 
18
27 22 26 23 17 
26
1 9 15 12 13 21 23 
14
9 
20
2 27 14 
13
21 
6
7 
20
10 8 
20 22
24 
5 1
17 16 14 10 
27 13
20 19 
9 18
16 
15
27 23 19 26 
16
27 14 13 
24 6
4 
19
14 
22 19
16 14 13 18 
9 17
1 6 
3 24
27 
9
3 
8 7
27 4 
4
16 
11 8
27 6 2 9 7 
10 25
27 
1 22
19 9 
15 10
27 14 16 
7
12 
19
27 
1 16
13 
26
12 
14
9 
14
7 
23 13
27 
22
15 19 20 
3 2
26 23 15 
19
27 7 1 23 
20
14 
25
27 
13
27 17 
13
27 
16
27 14 
26
9 
3
26 
14 15
16 
21 27
17 22 19 18 20 
19
27 
17
27 11 
19
27 1 13 
20
3 10 23 21 
14 16
4 
14
13 
17 19
27 13 12 
7 17
2 1 6 
23 17
25 24 
14
27 
12
27 
1
16 8 9 2 
9
17 
6 18
14 
26 9
27 
20 22
27 
12 13
9 14 
9
19 
17
27 
24 20
11 16 27 26 
2 1
27 14 4 
5
27 17 3 2 
20
14 
26
7 
20
16 
4 10
14 
14 8
6 9 
9 20
1 3 6 
3 14
7 
1 10
27 
19
27 25 21 20 22 
26 14
27 16 17 
16
27 
16 24
23 
22
27 25 
18 22
27 20 19 
17
20 22 
18 3
27 2 15 25 21 20 
13
19 
21
27 
26 20
9 
19 24
13 10 
9 22
15 12 
10 20
7 
9
27 4 
11
1 6 
18 22
17 
17
27 
22
21 
16
22 17 
18
27 1 2 26 17 
21
27 1 16 13 22 
12
15 10 14 
25 23
13 15 16 4 26 
10 26
27 21 14 16 
14
27 
7 14
27 19 20 22 17 4 2 1 8 
26 16
27 
9 18
27 6 3 
26
27 24 21 
4
3 
27 7
14 19 
14 8
17 
15
19 18 13 
20
27 17 26 
22
14 9 15 
23
26 24 21 19 18 15 22 
17 19
4 
17 24
16 
17 14
27 
22
27 20 19 21 24 
3
18 2 1 
21
14 9 15 
27 12
22 
2
27 9 3 
13
14 9 10 
17
27 19 16 5 
23 21
4 13 17 
27 7
14 
26
27 3 14 25 24 
19
16 20 
7
16 
14
27 8 
16
27 
17 9
27 
26 19
8 
1 3
14 16 27 17 
16
22 
10
27 
13 27
15 
10
3 
2 1
27 3 
9
15 
20 9
27 22 10 19 
15
16 17 19 
4
27 21 2 
1
27 21 20 24 6 
3 7
4 
13
2 1 
26
27 
17 18
5 2 1 6 9 14 
1
8 
2 7
5 4 1 
5 3
20 16 
21 23
4 17 22 27 19 20 
14
16 
17
27 26 24 25 21 20 
22 20
27 1 2 5 6 3 9 15 17 
6 3
8 
6
2 
5
27 18 
1
4 
9
14 
15 9
27 16 17 26 22 13 18 
17 15
27 25 
21 13
27 18 
3
2 
26 11
27 6 19 
26
23 
15
27 10 
13
15 18 
14
27 
18
27 2 
10 1
6 7 
14
19 
12 2
27 16 15 13 18 
10 8
9 14 
16
13 
19
14 16 26 21 
17 26
4 6 14 
13
27 4 1 
14
27 16 
16
13 
2
27 
16
18 13 
7 6
27 
18 19
27 17 
1
4 9 2 14 15 12 
20 7
17 26 
22
14 18 19 
7 6
27 5 2 
14 15
27 16 
6 17
7 
13
27 17 
16
20 22 15 
12 6
16 
4
27 
24 20
25 
9
27 
19 11
10 
10 14
27 
15
9 
16
7 6 
13
27 22 
17
24 14 
6
27 9 
25
1 
27 20
16 14 12 9 5 
17 15
27 26 
13
20 23 
14
17 
14
27 
20
2 
6
27 4 9 
22 2
21 18 
16 9
27 
4 9
27 
16 22
7 
14
27 21 22 
22
25 23 
13 20
17 
21 15
27 13 19 20 
10 11
27 9 5 8 7 6 1 
6 14
27 1 5 
14 3
12 6 2 
9 3
27 
25 26
27 3 6 
22
25 
16
26 
6 11
27 2 
2
3 
23
27 10 9 17 18 19 22 
1 21
2 
9
6 2 
6 17
16 12 1 2 9 
14 9
10 
19
15 
22
16 14 9 1 2 4 18 
20 19
16 18 
9
13 
19 25
27 17 26 20 
21
27 10 
26
27 25 
19 14
3 
22 19
1 2 16 15 14 20 
8
16 
18
5 
3 2
27 
15
27 7 
2 3
18 13 12 6 
16 17
27 3 
17
18 
13 20
9 
16
27 22 13 18 26 17 
22
27 
9 18
5 
9
27 
6 17
5 9 
21
16 4 
16
27 
14
4 12 
22
13 27 
9 14
27 5 2 6 
2 26
8 7 6 
20 19
27 17 22 
9
27 21 
17
27 
9 25
10 
24 22
27 
3 17
27 8 11 
22 21
18 26 
18
27 23 16 13 
19
25 16 14 15 12 9 26 20 22 
16 19
27 17 
4
27 
18
6 
20
21 
16
12 
16 17
27 1 
2
8 17 
8 16
2 9 
17
14 23 
24 9
27 23 
14
9 
13
18 
14
23 15 
17 10
14 
20 17
3 
16
2 
16 9
27 25 26 21 20 19 17 
17
27 
25
22 21 
21
16 
25
27 15 13 26 
14
16 
26
27 
20
27 
22
10 17 
22
27 
19
25 24 20 
13
27 17 18 
14 10
17 
14 9
11 
21 14
27 
4
27 19 
4 5
27 16 14 9 17 
1
9 12 23 4 
18
14 15 17 
14 6
27 
14 9
4 17 
13 22
27 16 14 
14
18 24 
2
16 25 4 
17 10
27 
14
7 9 
3 11
27 
26
27 8 9 18 20 
16
27 
5
21 17 13 16 
18 19
25 13 
4
15 
9 18
27 
20
21 
7 8
3 4 
14
9 19 20 
24
27 
14
15 1 20 27 
17 5
27 
7 8
27 4 6 1 
14 8
16 
25 26
27 
14 16
27 
14
19 1 9 
4 6
2 5 
13 15
17 12 
27
15 
15
13 
16
27 
4
16 
17
16 
26
27 
7
27 
14
27 25 23 24 22 
20
24 27 21 
6
27 
27
20 6 
15 21
1 
13
1 17 
23 26
27 
25 21
17 
22 17
27 16 13 19 
21
27 25 23 24 
6
16 
16
27 14 
22 17
18 
14
9 
25
13 9 
11 15
20 2 
26
25 
3 9
27 17 
1 21
13 
24
5 25 
14
13 12 
10
24 
1 27
14 9 
15 4
13 17 3 
21
27 25 23 24 
14
27 4 
14
27 5 3 2 9 
19
27 17 26 24 
15
17 
9
27 
16
21 24 
6
27 4 3 5 1 
4 1
19 
3
6 
21
27 1 13 20 
1
27 
14
27 8 3 9 
9 14
1 
8
27 14 
5
27 
14
21 18 
14
4 27 
16 6
25 14 
17
1 15 
16
17 
1
20 
17
6 9 14 
3 2
27 
1
17 9 
3
2 
8
27 
21
27 16 14 23 24 
27
6 1 2 5 16 
21
6 23 22 24 
16
27 12 26 
18 20
27 21 23 
14
16 
16
19 
14
17 13 
9 10
22 
19
14 12 10 
17
27 21 20 22 26 19 
14
16 
14 15
27 16 4 1 9 
18
27 11 8 14 17 13 
16 6
9 
8 7
15 10 
27
2 
21 1
27 10 7 8 14 
14
16 2 
16 27
22 
23
20 21 
26
27 
16
17 
14
12 10 
26
9 
21 26
27 23 
26
6 20 19 18 23 
7 8
27 22 20 
22
20 
16
14 
20
17 
12
27 14 10 15 13 
17 26
10 
7
8 
12
16 
2
16 3 
14 21
16 
17
13 
19
27 
6
10 
7 21
1 23 
21 19
14 
14
15 
2
27 7 
14
9 6 
22 17
21 
17
13 
16
1 4 
25
27 
6
16 
20
27 
27 17
2 
10
16 14 
16
27 17 
5
27 
16
1 
21
23 
22 13
27 9 19 21 
15 11
16 
15 17
10 27 12 23 19 22 
21
1 4 6 7 
11
27 
20
13 
26
19 
23 21
18 9 
27
16 
10
27 17 20 25 16 
14
3 
8 18
2 1 
14 17
16 
14 6
7 
12
14 
25 22
27 
16
8 
9
27 
23
27 14 15 12 26 
21 14
23 
23 13
17 
10
16 
22 24
16 17 18 20 26 
22
27 
18
14 
21
11 2 23 26 
9
16 4 2 
2
14 6 
4 13
20 21 
15 14
27 17 18 19 13 
15
27 14 
12 10
7 15 
15 14
19 12 
1
6 
11
13 
7 8
15 14 9 
6
27 
18 22
16 27 26 25 
2
27 
15 9
16 14 
20 19
16 
2
27 14 6 9 
18
27 
25
27 
13 21
27 
16
3 5 
15
16 
20
13 
14
17 22 
9
14 
21 18
25 
8
13 
23
27 16 14 6 2 4 
13
27 
22
7 2 20 
17 21
13 
17
27 18 
6 20
9 
5 3
4 
26
27 21 
13
25 
9 14
27 
17
9 
21 17
20 18 19 
20
16 17 
16
13 
21
27 17 14 
1
16 
17
25 24 20 
17 14
16 
19
18 
4 2
27 
2
27 
1 6
27 4 
23
17 
8 22
14 9 5 6 
21
9 
14
27 16 
23 18
27 25 
11
9 
13
27 16 4 12 
6 7
14 
9
27 
1
21 16 4 
22 20
27 12 26 
26 20
17 16 14 
6
17 13 
20
27 
12 9
14 16 
6
16 
26
27 22 
13 20
27 1 4 9 12 
24 13
2 4 9 
17
24 22 
11
3 
4
27 
24 21
2 9 
19 9
20 
17
4 
16 7
27 14 
18
27 16 13 
23 25
27 20 22 
10
27 2 3 5 9 
13 18
22 
15
3 
24
27 16 14 9 17 
5
4 
12
27 9 14 15 
2
22 17 
6
27 20 19 9 
16 14
27 
11
27 15 12 14 9 
14 5
2 
4 16
22 26 17 18 
26
17 
19
27 17 
10
9 
19
21 
14 12
19 
16
27 
21
26 
1
27 
13 18
17 
14
27 4 
18 14
22 19 13 
1
27 2 
20 18
27 17 
8
13 
17 21
3 
18
27 4 17 14 
14 26
7 
2 1
26 17 9 
10 12
14 16 
22
27 
12
9 10 14 11 
2
1 
10
6 
26
27 
26
18 23 
6 3
27 
21 1
27 
13
20 
10 16
1 
19
9 
19
14 
13 21
27 9 15 12 
17
27 25 23 24 20 19 22 
25
9 2 
12 14
27 16 22 25 
10
27 
27
17 
24 21
27 17 26 18 22 
25
27 20 26 
6 22
27 17 
17
27 
21 26
27 19 
13
27 17 25 26 24 19 
11 27
23 12 10 
17 13
4 
1
27 8 
24 13
27 
1 11
2 
14
27 19 9 
18 16
15 
20 19
27 17 5 26 22 
13
27 9 20 26 18 
9
27 26 25 15 
27
9 15 8 11 4 
26 12
23 
17
27 16 
26
4 
16
14 
10 7
9 14 15 
19
27 16 18 
14
6 
8 26
16 2 1 9 11 
22 8
27 
24
27 26 17 23 
20
27 1 5 4 25 23 24 21 
19
14 
14
27 16 4 9 
25 23
11 
9 14
16 
7 8
27 26 11 
11 27
2 
18
21 24 14 
9 5
14 
25
27 
9
27 16 14 15 12 13 7 10 
14
12 13 
21
13 26 
12
2 14 21 13 15 
19
21 
8
3 14 
3
13 
23
27 
21
1 
14
15 
19 18
27 20 17 
13
27 4 
21 22
27 
20 19
27 
16
17 
18 14
25 21 
20
27 21 
16 14
27 24 23 17 
26 13
27 9 19 22 
5
27 4 2 3 
27 24
16 
11
22 
2 5
27 
2 1
4 6 
10 9
16 
13
27 22 18 
9
17 
16
13 
13
27 17 
2
16 21 
17 15
18 
16
7 14 
20 22
25 26 24 21 
13 17
2 1 
2
27 
19
20 
13
10 14 15 12 
2
25 6 
2 17
27 
8
27 16 14 9 13 15 7 
18
9 
7 8
27 14 9 11 
8
16 9 
19
8 20 22 
13
20 
3
27 4 
19 18
3 13 22 
10
27 
13 2
25 10 
17 14
2 4 6 1 3 
21 4
16 
20
9 13 
16 27
14 
13
27 8 22 
14
17 
17
22 
17 12
13 
27
13 
19
27 
12 13
27 17 
17
16 
3 20
27 6 8 23 21 2 1 
8
10 7 
13
18 
2 16
1 
22 18
27 16 17 14 
26 21
27 25 
17
23 9 
23
22 15 17 14 18 16 24 3 
21 23
2 6 
14 15
27 
1
5 
4 10
19 2 
5 7
27 16 
26 24
27 17 
3 21
17 16 2 
16
12 
3 16
2 
9
27 12 15 
21 22
27 17 23 
5
15 9 6 
2
14 
14
15 12 
10
9 
6 14
27 4 5 2 
27 14
15 
9 4
6 
6
27 
5 7
27 2 1 3 
10 14
1 
22
14 15 17 
22
3 13 21 
4 26
13 
23 21
27 16 17 19 18 24 
9 14
27 
19
25 
17 15
23 13 
10 4
16 
9 17
27 
26 5
15 9 
16 15
18 20 14 
20
25 23 
11 13
27 21 19 
13
17 19 
14
27 
13
27 15 
12
27 16 14 
13
27 4 5 9 6 15 
14 13
27 12 
16 27
1 
8
27 13 10 
25 17
26 
21
16 27 
20
9 18 
9
16 7 
17
27 
9
27 
26 23
16 
17
19 16 
6
2 1 
26
19 
14
27 6 
15
12 
19 13
27 17 25 24 21 
20
9 17 
19 27
1 
24
27 17 26 
10 3
24 
17 26
21 
24 9
12 
16
23 
20 4
27 
14
18 
22
3 11 
18
27 9 10 14 16 17 26 
25
13 14 
19 17
27 
14
27 
15
16 14 
13 24
27 
19
27 21 
17
27 
25
1 
13 21
1 9 
13 16
9 14 
19
16 21 
20
27 25 
17
27 
6
10 7 
8 4
3 6 9 10 7 
7
2 
9 12
2 
4
16 
15
17 
8
22 
6
5 14 
7 11
27 1 8 
13 16
27 5 2 3 18 17 26 
10
16 14 
15
22 
14
27 4 6 7 8 11 
16
27 
7
27 17 4 8 
7
16 26 
23 6
27 21 
9 7
27 14 6 
17
20 13 
20 24
27 19 
27
10 14 15 
27 20
9 
13 15
17 22 20 19 21 18 
16
14 
13
14 4 2 17 
18
23 21 20 
22
27 25 24 
21 4
10 9 
19
9 
7
27 5 2 6 
14
20 23 
21
27 20 
6 9
27 16 
7
4 
2 6
3 
20 18
9 7 
21
27 
10
1 27 
5 6
3 
18
12 
12
15 
20 26
19 
24 1
27 
4 2
27 
22
27 17 
18
26 21 20 
26
27 10 8 7 12 13 15 17 
22 17
21 
17
15 12 
21
26 
10
9 
27
11 
15 18
27 2 5 3 6 9 14 
24 23
1 5 6 22 
1 16
13 
22
27 16 14 15 12 9 10 17 13 26 
22
27 25 17 
26 17
16 13 
10
18 
9
15 17 
9
13 19 20 2 6 3 
21
16 
26
27 
24 21
27 19 
14
27 
10 9
4 6 2 
12 27
18 
2
11 
17
6 
19
14 
16
24 
14 12
4 
16
27 
14 9
27 
17 14
25 23 
4
21 
5 9
17 
22
16 14 
4
27 
4
27 13 3 
27
6 7 
20 10
14 
13 18
27 19 20 24 23 
16
18 
27 24
9 15 20 19 26 23 13 
19
20 
20 21
26 
20
27 
25
27 16 14 6 2 4 1 5 7 9 
14
21 
14 19
5 6 
14
27 
16 17
27 19 4 6 1 14 15 9 
14
16 
12
16 
15
27 24 20 
6 4
26 
20
4 
18
27 
5 14
12 21 
10 12
27 17 14 7 
19 13
27 
15
14 16 10 9 
7
15 13 
19
22 3 
19 9
23 20 17 
26 3
27 21 
22
27 23 
19
27 9 4 
14
19 
12
27 1 
15
14 
14
3 
14 9
16 
19
17 
26
17 13 
17
15 
17 16
27 24 
3
27 4 2 
9
27 14 
4 16
27 
22
27 26 19 24 
21 9
20 
4 3
20 
16 11
20 
16
20 14 
9
27 7 15 
6
27 18 
5
13 17 
13
27 16 14 
17
27 25 21 20 22 13 
17
27 
20 4
3 
24
14 25 
8
14 
1
9 
14
10 
17
19 14 
13 16
20 
23 13
27 24 
5 13
4 
7
12 
8
21 13 
14 4
23 22 27 
10
19 
13
27 15 12 17 
9
2 3 1 
14 18
27 
17 15
22 13 
13 17
4 5 10 
3 13
16 
20
27 17 14 23 
8
27 9 
11 4
21 13 12 
9
16 
14 12
8 
16 14
27 11 7 
19
4 2 14 20 18 
17
27 3 8 14 
17
25 19 
14 13
27 16 
17
13 
2
27 4 
14 9
27 
13
25 21 18 
21
27 17 13 
10
26 16 
23
27 10 4 
13 15
9 17 16 
14
7 
8
7 
6
2 
27
17 
16 21
27 
21
27 17 13 
18 6
19 
24
27 17 26 22 20 23 
27 15
23 21 
18
17 
9
15 
3
16 
12 16
8 6 10 14 
2
17 
10
15 
23 25
27 
22
27 
16 9
25 
5 16
12 
25 6
27 
16 25
12 
21
6 2 10 
17
13 
26 17
8 
15
16 
1 22
27 
22
20 2 
10 7
27 9 6 14 
14 19
21 
9
27 17 2 5 16 6 
24 18
9 27 
17
6 
21
19 18 
26 27
14 
2 1
27 25 23 22 15 6 
21
16 13 12 
16
27 
27
3 
20 26
17 
7
27 9 6 
5 6
27 15 
4
27 
10
14 15 
17
27 4 6 2 
14 10
27 
15
27 
25
27 20 21 22 
6
27 21 20 12 9 
27 21
25 
20
19 
8
9 
19
25 17 
17
19 
14 13
27 9 
10
4 3 
26 7
21 
7
10 
7 5
14 12 
3
27 16 26 17 
25
3 17 
18 17
15 
8
27 16 17 19 
22 24
27 
5 20
27 
17
25 
9 16
5 
6
16 
4
2 
20
27 13 18 19 
26
23 17 25 
8
7 
23 24
27 
19
1 
26
20 19 18 22 25 24 21 
15
8 7 
26
16 
21 2
27 
4
27 
2
3 
10 9
27 6 14 15 26 22 19 
12
27 24 17 15 
1
9 17 16 14 2 
4
27 
13
27 16 14 12 9 15 18 
22 18
16 2 3 4 1 19 
24
27 
26 15
27 17 
9
14 
16
27 5 1 
14 3
27 
22
1 4 
8 3
16 17 14 11 10 
22
27 17 26 20 15 14 12 
15 14
16 19 22 13 
16 9
22 13 21 17 
19
1 
14
27 25 21 24 
8
14 10 
16
4 
24 19
27 16 
9
27 4 5 6 2 1 
22
27 
13 9
18 
13 18
1 
11 10
27 
12
26 
19
14 
27
20 
17 22
16 14 15 12 13 
2
12 
20 18
27 25 23 22 21 
4
26 
26 4
27 19 20 
10
27 
16
27 
4
2 
15
9 
25
27 17 
10 14
12 
6
17 
9 14
5 
8 16
27 
9 1
4 16 14 
13
25 19 
9 8
27 23 17 16 
16
4 
21 20
27 
23 26
27 25 
4
27 
9 8
27 16 13 17 20 19 
9 6
27 16 14 15 
18 20
16 
8
27 
19 12
27 17 24 
22
27 16 
9
17 16 
21
17 
17
1 18 
17
16 
20 15
16 17 
14
16 
10
27 
20 13
24 22 21 25 
3 12
27 
17
1 16 
17 2
27 5 6 7 8 19 
14 20
27 16 
13
16 
19 20
14 
14 20
27 
17
19 
2
27 17 15 4 
6
13 
2
27 15 10 7 9 17 
14 2
27 
4 5
15 
13 17
14 
23
13 
9 14
27 
26
3 20 21 23 24 
9 4
16 
9
15 
3
4 
19 4
8 
2
27 
20
14 
2
24 
19 13
18 
12
27 15 
9
8 27 19 20 
4
27 
22
14 26 
16
27 14 
16
27 
12
16 14 
27
20 
17
16 14 
21
16 10 
13
14 
11
27 
17 26
27 5 
8 11
18 
14
15 
16
15 17 
24 18
16 
17
1 
3
27 25 26 
15
10 14 
14
11 8 
16 14
27 
9
16 
24 19
16 21 
4
16 5 
16
27 
18 19
25 21 23 24 20 
25
3 
16
27 20 19 26 13 17 22 18 21 23 
19
16 
17
27 21 24 13 
16 14
27 19 20 22 26 17 18 13 
5
1 2 4 
20
27 4 1 3 17 22 
17 13
27 4 5 1 12 
21
27 14 13 
24 4
20 21 
12
14 
17 3
27 23 
17 20
27 4 
11
9 15 
6
27 4 
2 1
16 
18 19
27 2 4 22 20 
4
27 
22
16 12 13 
1
17 
26
10 17 25 
14 26
3 
17 9
27 21 
27
14 13 26 
14
10 2 
20
14 
14 9
23 22 24 
12 16
14 
10
18 14 
10
27 
18 19
27 22 
12
3 24 13 14 
16
14 
20 12
27 
27
16 17 
6 9
27 12 25 4 5 2 
17 19
27 18 16 21 24 
11
27 
24
21 25 
14
27 
17 16
27 20 
17 14
27 
20
21 
7 16
27 
6
27 7 
27
16 
7
25 
11
27 14 9 6 
22 17
27 23 20 
13 21
12 
14 13
9 
17 20
4 16 
17
26 
19 21
27 20 
24 26
16 
17
27 
16 13
27 25 19 
19
20 18 
25
23 
17
27 
6 14
4 
18 23
14 24 
17
27 
27
9 
5
27 16 
20
27 26 23 
16
14 
9
27 16 14 10 11 
18
4 2 13 
16
27 
9
14 
14
15 
27
1 
14
23 
17 9
22 24 
26
25 
4 23
16 
24 14
4 
14
16 
19 21
1 13 
10
27 9 7 8 11 
2
27 23 1 
16 17
27 
26 17
27 
23 27
16 
2
27 15 16 
17
19 
16 25
27 
6
17 25 15 20 2 9 
4
27 
15 12
10 
1
27 
4 21
27 
14
11 8 
2 3
17 27 5 
4
27 26 22 20 21 19 13 25 
21 6
16 26 20 17 13 
26
12 4 
12
23 
25 23
5 6 2 12 13 
12
27 
4
14 
10 7
2 
5 4
14 15 6 
12 14
27 13 25 23 19 15 
21 20
27 26 
8
27 9 11 
3
11 
16
25 
17
8 24 23 
26
25 
22
27 9 11 10 14 15 16 12 13 18 17 26 
15 21
27 
26 19
12 
9
27 
19
27 4 2 1 24 
15
27 
13
27 1 3 16 
3
2 
14
27 
19 22
27 18 
27
24 
15
27 6 1 20 
9 6
4 
20 1
5 11 16 26 
24
27 
27
9 13 20 
7 8
2 
1
21 
3
21 18 22 14 
6
27 
16
7 6 18 13 
15
9 12 
21
27 25 26 
14 16
27 
17
26 
10 2
27 15 
14
1 2 
16 24
27 
14
27 
19
27 20 
8 26
16 
26 2
27 18 
13 19
4 
16 17
27 
8
6 7 
25 27
23 
18
16 
14
5 2 
9
14 
2
27 4 1 
6
3 2 
26
16 
14 15
27 17 16 
23
22 
13
15 
14
27 
20 17
23 
15
17 
9 7
27 6 
7
21 18 
21
19 
24
27 16 14 13 9 
20
18 
13 20
3 
3
27 
15 25
9 14 17 18 23 26 
8
2 17 
14
15 
6
27 4 
8
16 14 11 
10 16
13 18 
4
14 
24
7 17 23 
10
27 
27 17
9 
4
16 14 
11
27 14 10 
25
20 26 
14
27 
9
27 
9
16 14 
13
18 19 
18
27 
2
26 23 18 
17
27 7 
14
27 9 
24
27 
12
27 17 13 
10
20 
18 14
26 
15
14 10 
12
26 
12 9
18 19 15 
14
16 
16
27 
22 21
14 19 
2 10
27 26 21 19 
17
16 
5 4
27 1 15 
26 17
4 
5
6 8 
12
13 
12
18 13 
3
27 
17
16 
23
27 
9
27 8 
4 2
27 23 17 
7 8
4 
3
14 
2
27 
26 20
27 
3 4
9 6 
21
14 15 
16 10
12 
26 13
21 
7 18
27 
26
25 22 23 14 24 21 19 17 
21
25 
14 15
10 
14 17
27 1 9 
21
2 
24
16 27 25 
21
24 
21
17 
26 22
27 
20
27 
19
13 14 16 
22 17
26 
14
27 
14 12
17 
9
27 24 2 6 
15
11 9 
11
27 25 
12
25 
16
27 
17
21 20 19 
20 15
3 
1
27 9 
1
2 
14
27 22 23 16 6 
22
18 
8
6 7 
22
24 20 
11 14
27 3 17 8 
13
27 24 21 19 20 
16 20
27 
8
16 15 10 
14
13 
23 25
10 7 17 15 
12 14
23 19 
16 6
27 
18
27 
18
26 21 19 25 
24
27 20 21 
15 14
27 25 
14
3 10 
12 19
9 7 10 
17
27 18 19 
14 8
18 
11
16 
15
9 
13
27 26 23 15 
10 13
27 16 8 
12 10
14 
24
27 9 11 
16
14 
26 19
24 
10
2 
6 1
27 16 
1 17
24 
16 17
4 1 
9
10 
9 22
12 5 
6 5
27 21 24 4 2 1 
13 16
27 
27 9
17 
16 19
27 
14
27 16 9 
9
25 26 17 
20 21
27 
16
14 
8 24
7 
1 14
27 
6
5 4 
24
27 14 6 9 10 
13
25 20 
25
14 
7
27 9 14 15 12 13 
27
13 
25
17 13 
5
27 14 9 
17
9 
16
14 
9 25
7 14 
9
21 
9
12 13 15 
9
20 22 21 18 
24 25
2 
17
27 
13
26 23 24 
16 14
27 9 
20
22 
24 17
25 
24
21 
26
27 16 14 22 
9 17
16 
26
27 4 1 9 14 15 17 
17
27 21 22 18 
13
20 19 
4 14
9 
18 14
17 15 
2
6 
16
27 4 1 2 
1
27 24 
27
16 
13 16
12 
22
27 
23
27 21 
2
20 21 
21
17 6 
4 5
19 11 1 
11
4 18 14 10 
26
27 25 21 24 
10
15 
22 6
27 23 
26
17 
6
2 
3
9 
20
16 
27 19
16 
7
4 6 2 1 
10
27 9 
17
27 
8
27 
18
22 
14
27 
21 13
20 22 
12
27 16 9 
22
21 23 
2
16 27 
19
9 
2 4
27 14 9 11 6 
26 27
14 
18
6 
3
14 
9
14 
9 16
6 
26
23 24 21 
1 2
27 14 
14
27 
19
16 
12
3 2 4 5 9 14 
1
26 22 
12 24
27 13 18 
2 26
27 
21 24
27 15 12 14 
8
9 7 
22 21
27 
4
27 
10 8
25 
7
26 22 
14
19 18 
9 4
22 17 
13
14 17 
20 25
27 17 
27 11
10 
4 16
27 
4 18
27 3 
23
12 15 
19 13
21 
2 9
14 19 15 3 
16
27 9 
20
27 
17
27 14 16 12 
26 23
22 
14 27
9 
1
7 
21
23 
26 25
27 16 23 21 
4 5
27 
14
27 17 20 
6 3
27 1 
11 17
27 
14 20
4 
22 17
27 
3
27 2 
25 24
27 17 
17
14 
20 22
24 21 25 26 23 
16 20
27 
15
16 10 
17
18 19 
14 9
27 2 1 
6
25 
21
27 
16
14 
13
6 
21 4
13 17 
13
18 
20 24
27 15 22 21 26 25 
15
16 
2 1
27 
18 26
27 22 
24
27 
7
16 
27 11
26 
16 24
14 
15
17 
26
21 18 17 
9
10 
9
27 
9
27 
8 7
11 
21
19 
14 25
27 17 15 
18
4 
17 18
27 
17
3 
9
27 16 14 
9
5 
24
2 27 4 13 
9 16
1 
10
27 17 15 12 9 
13
9 
14 15
19 24 9 
12
27 
24 19
17 
18 26
27 4 1 2 3 17 
14 9
27 16 17 22 19 20 
25 21
27 
21
17 20 
25
18 
4
16 1 5 
13
18 
10
15 9 
4
27 13 
2
27 4 1 
9 3
10 
5
27 2 13 21 4 
12 13
15 
20 21
7 15 17 
14
3 2 7 10 
10 16
27 4 5 9 14 
20
10 
9
15 
13
9 
18 5
27 20 
2
3 
18 27
15 
20
9 
9 8
27 14 10 
17
21 
27
16 
9 21
27 
21 14
27 24 
10 12
17 14 
3 5
27 
19
27 
24
27 
17
7 
5 7
1 3 9 2 
8
27 17 7 
20 19
13 
4 14
27 
9
21 
18
19 
3
27 4 2 
9
26 2 
6
9 
22 1
6 9 14 
17
15 
14 5
27 17 13 
17 18
1 9 
17 13
27 21 26 
26 14
5 2 
21
27 14 17 22 
6 9
27 
14 16
4 5 9 
14
18 
14
20 9 
22
21 25 
2
19 
13
27 14 
22 15
27 
18 13
27 2 26 
13
12 
17 6
9 18 
25 23
9 19 
14 12
27 16 
16
26 
18 13
16 22 
10
27 15 
10
17 
27
3 
14 10
27 16 
14
20 
20
27 4 25 21 
9
4 10 
6
2 1 
21 27
5 13 
21
20 
21
27 
19 4
27 21 
2
16 6 
21
27 3 5 22 
4
27 16 14 
12
15 13 
15 12
27 14 
14
27 20 16 
23
27 21 
18
27 19 
19 18
27 16 4 23 21 20 22 
17
27 4 3 
13 26
4 
19
27 
9 12
25 17 15 
15 10
16 12 13 
8
21 19 
12 4
1 9 16 
4
22 
18
21 
25 26
27 23 
22
27 
11
27 
17
10 25 18 
3
18 12 
15 9
27 16 
14 11
27 24 21 6 2 5 
3
27 
5
17 
12 2
27 17 
17
25 21 26 
1
27 
18
19 
9 14
26 
8 11
27 14 26 
12
14 
18
20 17 
14 11
27 3 
16
9 
10
6 14 9 
5 1
14 
14 15
27 17 
8 17
16 
6
27 
15
27 16 17 20 19 13 12 
2
10 
18 27
14 22 
15
4 
19 24
14 20 
17
19 
17 13
27 
16
27 14 
14
6 9 
2 6
27 
14
11 2 
20 21
27 13 12 19 
16 17
9 
6
9 11 
12 16
19 
20 18
25 24 23 21 
25
21 17 13 19 
9 2
16 14 
22
27 13 15 
14
27 17 13 26 18 9 12 
7
27 
8 6
25 16 14 9 
20 17
10 9 2 
26
20 
14
8 
21
20 
23 22
21 
26 18
27 23 21 20 
14 16
10 
16
27 
13 15
27 
13
21 
22
21 11 9 
26
27 
24
7 14 17 
15 12
17 
16
2 
17
10 
19 13
14 
9
2 6 
14
27 2 9 6 
3
27 
10 16
27 
18 22
17 13 
9
27 
27 4
13 
9 20
27 
17
16 
14
26 21 23 
27
8 
2
9 
27
16 
20 19
27 
20 24
27 16 15 26 19 
22
7 
26 23
27 3 
18 8
17 
14
27 17 
16
6 
15 7
13 
8
2 
2
27 20 19 21 23 24 25 4 5 1 
11
9 
2
16 
15
27 14 13 17 
16
27 
20 17
14 27 
17
27 16 14 
23 7
27 4 25 24 
22 21
16 15 18 
14
26 
21 9
16 14 20 
18
27 
19 17
21 
24
10 
10
21 11 
9
27 11 1 14 
15
27 13 
17
18 
13 16
27 17 15 
14
10 
5
22 
22 26
14 
14
15 
10 13
4 2 6 
2
10 9 
25 21
14 
22
27 
9
3 
6 27
5 
1 9
27 
3 1
19 
23
27 21 22 
4 6
2 
19 22
27 25 26 24 20 
27
15 
25
19 
27
2 17 3 
18 21
27 
16
4 6 11 14 
1 17
27 14 4 2 
16 27
22 
12 14
27 15 
13
22 
16 4
10 
6 5
27 16 9 
17
8 
20
27 25 6 
13 1
27 
16
27 
20
23 21 
14
4 9 11 
25
16 
18
27 17 13 
16 21
9 14 15 
20
27 
23
18 22 
18
19 20 
12
27 24 26 17 22 
14
2 9 
27
20 
19
27 
8 11
14 
18
14 15 19 22 23 25 20 
